,dweight,pspwght,pweight,anweight,stfgov,trstlgl,trstplt,trstprt,hhmmb,gndr,agea,atncrse,brwmny,chldhhe,chldhm,cmsrv,cmsrvp,crpdwk,crpdwkp,dngdk,dngdkp,dngnap,dngnapp,dngoth,dngothp,domicil,dsbld,dsbldp,edctn,edctnp,eduyrs,eisced,eiscedf,eiscedm,eiscedp,emplno,emplnof,emplnom,emplnop,emplrel,emprelp,emprf14,emprm14,estsz,hincfel,hincsrca,hinctnta,hswrk,hswrkp,icomdng,icomdnp,iorgact,iscoco,iscocop,jbspv,jbspvf,jbspvm,jbspvp,mainact,mbtru,mnactic,mnactp,njbspv,njbspvp,occf14b,occm14b,pdjobev,pdjobyr,pdwrk,pdwrkp,rtrd,rtrdp,tporgwk,uemp12m,uemp3m,uemp5yr,uempla,uemplap,uempli,uemplip,wkhct,wkhtot,wkhtotp,wrkac6m,wrkctra,wkdcorga
dweight,1.0,0.9761247204727588,0.13723176083965802,0.8085252732862193,0.02954386904842064,-0.01421652800806531,0.03380298859444197,0.026375309670011494,0.5617990711132351,-0.022480995865829845,-0.21882606104053443,-0.12569707919329096,0.10864427324921509,0.5630703454052608,-0.5906175892843157,0.0067471244466028365,0.014620136607631767,0.1289628656425819,-0.067499837863946,-0.01879373234221619,0.017349334349301852,-0.11311374359821512,-0.6089298225757452,-0.021710106379392958,0.049541487217178104,0.30619195214103073,-0.13414144161957636,0.030198222223939492,0.08053098752260561,0.13848369184038442,-0.03260736957348114,-0.04566333286261798,-0.14768517344042373,-0.08484620344546187,-0.5782021135281159,-0.06946694315282492,0.057150406885147234,-0.011987425157722914,-0.4702028880533089,0.13844123693645685,-0.5696638803635656,-0.17764270811871122,-0.10394231358236398,0.03360568754011765,-0.16271035634090783,-0.08536959162068597,2.973590141041645e-05,0.22428866865523953,0.35567448124362216,-0.11141140480388295,-0.5680806093496683,0.11646299682197453,0.1370817945438015,-0.6070453051434654,0.10872588247735818,-0.14543538391420052,-0.08512608981248218,-0.6036513606675573,-0.04928392728407226,0.0361346025335552,-0.05152314478244315,-0.39197617899810555,0.0460986945395408,-0.5340299266955457,-0.12800576182312712,-0.06816743348379907,0.1480098250256004,0.2015099852369104,0.1300354901581698,0.5656674378894081,-0.3283764117212035,-0.00979651287206516,0.09352312546618921,0.06786703303710888,0.050561115301889385,0.06954114753642908,-0.04286950035838703,0.10900702431127146,-0.04401856452098481,0.024916540735690787,0.07602237380293458,0.06393581987884683,-0.5695227627465294,0.10536990730007352,0.09736330492270003,0.11326136724795785
pspwght,0.9761247204727588,1.0,0.1627010283222532,0.8488774460370144,0.03782959236546147,-0.016420029358823963,0.018524212794672958,0.012006908682706954,0.48522465151243455,-0.009941581421981064,-0.24134973108858643,-0.12909756431647873,0.11596243689643311,0.46124160604279985,-0.4856279943262067,0.017761735563927017,0.007460094789233703,0.08119895644163515,-0.06044757559649072,-0.036079695887182406,0.013733777169835289,-0.0983796206827949,-0.48175145087058574,-0.007891659532415248,0.034676192202418764,0.22751339035093424,-0.11222034818731601,0.021677152925104533,0.16914863668401484,0.12659153325648476,-0.027110548351896156,-0.07370400629589711,-0.13469438072765755,-0.08462466619475267,-0.44921214558651434,-0.02805657641070378,0.06511890465080171,-0.02089488816056738,-0.3742602131084281,0.15760001548570826,-0.44813680710343134,-0.18744258764173738,-0.15659444460759733,0.0638239924245625,-0.12126572733365303,-0.10165766854312301,0.008538962636666095,0.18373566608910283,0.2898796483549059,-0.11838570341550801,-0.4351667153799214,0.1346089900713906,0.1644441896495647,-0.4886012611687488,0.13652385136208836,-0.1624871132127811,-0.1360024970912984,-0.48424008835944327,-0.060082951416481296,0.04663436276760206,-0.07142675696950748,-0.31970119883444875,0.0810196121870446,-0.4223463892335453,-0.1420948072523243,-0.12421298625434476,0.11112650591867214,0.17312736387502256,0.0849691457515073,0.4443227002515085,-0.288220688590436,-0.004911835576946606,0.11581646813802686,0.03939612269735675,0.021407556592153282,0.040189184322248515,-0.010096578467960405,0.10888243881148556,-0.023575935515315852,0.016754859956195304,0.09760761992330035,0.08606431766185765,-0.44761222175335286,0.12896647645502987,0.10187051613276266,0.13285514757159333
pweight,0.13723176083965802,0.1627010283222532,1.0,0.6200207839681124,0.12272174901271898,0.02196507321474091,0.05691700659213788,0.013578678114999514,0.13757798891163167,-0.0905758397035892,0.02515072889303706,-0.040034057433782265,-0.010946573498168723,0.09857287820975587,-0.11289660972004713,0.0393735272892239,-0.011466585080344217,0.043791026732555055,-0.04249272278029283,-0.04590109736766525,-0.051312262337335615,-0.0339299406146515,-0.1246426704718057,-0.10219118994132952,-0.0770356382097009,0.01070222905248508,-0.07859790892083678,0.0058887569477046,0.016823234192366095,0.005710738806398172,0.04444140558263847,-0.01620943371055812,-0.0732447900878372,-0.07156700620564584,-0.13528856122941124,0.016347651310751474,0.012395980388301782,-0.06956436410444741,-0.04903743048962141,-0.034434380834151,-0.10515930073001976,-0.13477224543503113,-0.21425352446436097,-0.006025140329715298,-0.11068141534649603,-0.16328184520538677,-0.13250358753194155,-0.20322199263918203,-0.07235867237650741,0.042829772811946255,-0.1076682526202561,-0.023499819585049563,-0.03535255649133418,-0.10348078429339339,-0.04524485674384256,-0.08265307173813734,-0.1263928191710849,-0.08453988904326948,0.13933589943458657,0.07948995030217233,-0.18172108701895406,0.0609166667078615,-0.0375044421373413,-0.044709728530616694,-0.17729442143769422,-0.17033855275790533,0.05896693508146859,0.03690055445693871,0.048364312910388146,0.09956270728272552,-0.04136185159460616,0.06261967908565998,-0.049095074280657465,-0.09554387180674952,-0.09662075796304702,-0.09426864045822986,0.03832968367628037,0.06594266445203047,0.022645475594635926,0.011681311116843729,-0.01204144076696136,-0.04411017008620542,-0.09811669393519022,-0.04427036020243896,-0.040866900187990156,-0.03788381131390453
anweight,0.8085252732862193,0.8488774460370144,0.6200207839681124,1.0,0.11132233535315969,0.01643829539674297,0.06251537784292338,0.035060780115853174,0.4120953865613797,0.007783005008011335,-0.18964067913846783,-0.11159069780634058,0.07565757268052861,0.3662100460790796,-0.3927409128901945,0.040206369923339674,-0.005204371154514777,0.06369275862858377,-0.027338996969522196,-0.0520172682129486,-0.025612665342324693,-0.09469011433883537,-0.38653769756403644,-0.051283341921880755,-0.027458712366847517,0.15847446547074426,-0.11208700853812878,0.002738557737131487,0.15271373327926546,0.08395237858554007,0.004778494639764415,-0.07652218498897446,-0.13071659360448942,-0.09225100738192142,-0.373453853448528,0.01473752188721285,0.05704792216116675,-0.05361326128570873,-0.30080597758786703,0.09972564648831989,-0.37788505456052646,-0.19946454963961505,-0.22932522605344635,0.05208596689671182,-0.11518141175304124,-0.11776749741862015,-0.029937586647787524,0.020302562298762348,0.12039399917030622,-0.05417956724951982,-0.3406454177019759,0.08395555220334673,0.10974294575893256,-0.4078053557101413,0.09231545939953716,-0.15259306561753727,-0.15891695695852073,-0.3933196577857112,0.04296513762417947,0.09885266739878486,-0.14679140301823987,-0.16738487340464164,0.08118000307516532,-0.331239299965742,-0.18234368674215987,-0.18384535274620953,0.09717872217891778,0.1332912856428102,0.06964395028781313,0.37213442586125184,-0.23474274908266388,0.0065644430826491025,0.06713800030491039,-0.026735223694952768,-0.03870570748246407,-0.026540523535663284,0.023196178113082253,0.10709730074496426,0.006422471483939806,0.008954442146254054,0.0737522111611214,0.05292730819892361,-0.3728865676914704,0.07458610395528835,0.047395179618310794,0.07629692013431869
stfgov,0.02954386904842064,0.03782959236546147,0.12272174901271898,0.11132233535315969,1.0,0.43655291449045636,0.5342322623775213,0.5385504780086837,0.011475652906781203,0.12138284463720002,-0.08237551107636099,0.06171330524844705,0.017284094817237097,0.016700096282894483,-0.013616710973959547,-0.04162456748308105,-0.04837197006269955,-0.0764353947491423,0.08803792454768972,-0.010038615378392077,-0.03794512950093487,-0.048398998060929704,0.03529436360827811,0.019890635785538353,-0.0587877604425303,-0.08618607779189769,0.006460367302199881,0.0031065076606348716,0.14670842296558484,-0.04352682737787996,-0.038357970473965566,-0.08429553946052377,0.09689907877074194,0.07430942506623994,0.033578041598309065,0.0509990156348065,0.02090841122521094,-0.030914922913010685,-0.012645646011174332,0.12416006025371792,-0.020870026098180533,0.03807525378276619,-0.09793109058998711,0.1244133544815483,0.15509574946897164,0.09407564463180727,0.20359635835052806,-0.02221777484827017,-0.10590512432322227,0.053943502515662045,0.04397556439105776,0.1356539318740785,0.15439230248512037,-0.023631599364912752,0.16256346202102298,0.015181985286157725,-0.09550340366038673,-0.023049317495804942,0.06391870412226024,0.14179349487396048,-0.03546896377310805,0.07449008563555934,0.17493055136076763,-0.025504413506562365,0.05069343165046662,-0.09320401781143169,-0.05432901468553341,0.006973747136197234,-0.07312140867072453,0.020151740400706716,-0.04140332765169078,-0.06284740884039652,0.14071535240269667,-0.09858543903960303,-0.0865681871097707,-0.1022878471732843,0.07993261449835952,-0.011755427514946456,0.012720619426157124,-0.042926960175459744,0.12727073460136165,0.13430149465115485,-0.01526714577014869,0.11972126699341609,0.09022481910967238,0.1262263089247032
trstlgl,-0.01421652800806531,-0.016420029358823963,0.02196507321474091,0.01643829539674297,0.43655291449045636,1.0,0.6345694567134391,0.6274029988701069,-0.01888583674696771,0.12285267484402468,-0.052295925466887425,0.0763589407978199,0.042111372431315075,-0.012202404635200797,0.010632959895722275,-0.0408878734002179,-0.044107957536753596,-0.08500159986273424,0.05140725752503678,-0.007641459642296801,-0.03583689992545687,-0.05323836999412715,0.026553256528441982,0.016377266936344528,-0.04194306253347181,-0.02893511385557649,0.01571132391250099,0.016346937547050005,0.09317726553509663,-0.0367819887239793,-0.037642560953796575,-0.07733619182561362,0.031980244897126336,0.008666441233066549,0.023115211552968615,0.04355190984938649,-0.02852504498160318,-0.03420404575557604,-0.012081726718503907,0.08619115588138737,-0.007867128971545298,0.04559227865100043,-0.057051917586123824,0.10239672143257302,0.09066878524232891,0.12965123603222256,0.2192061765893536,-0.007181848443162882,-0.08996981828478204,0.053867366163914514,0.029923225391257177,0.09582827918624622,0.11092950592750295,-0.005420526331183412,0.12191607465718779,0.05941197075483448,-0.04986489765489383,-0.009389795037895955,0.05387019745529849,0.1548196336829195,-0.01432525195910402,0.05308221778216137,0.129519918894787,-0.012159864941292226,0.04058750966230269,-0.050004382454824726,-0.07434101163828831,-0.031522245021389526,-0.08336233453186918,0.007927050105095366,0.007365234325118492,-0.020714780925535366,0.10841510796702626,-0.021193147822028226,-0.023550257768178214,-0.02766467121359763,0.0320668609933282,-0.00295842501774808,-0.01685313873966937,-0.05348018433568832,0.10686459838769842,0.11947942184522731,-0.003624490881806404,0.08257931149308834,0.06249613255560304,0.08667251316324959
trstplt,0.03380298859444197,0.018524212794672958,0.05691700659213788,0.06251537784292338,0.5342322623775213,0.6345694567134391,1.0,0.9501621673705973,0.04730982339605719,0.1512525065514234,-0.049442391483626155,0.09585779754731369,-0.0035373299464141568,0.05825782533602729,-0.060290891597619245,-0.04455575693229543,-0.04386673658866033,-0.0703259271573974,0.06491136561797914,0.005237029088863572,-0.03411026478578359,-0.056107956068621796,-0.04066387788229306,-0.005720441567631809,-0.03470532893715221,-0.00889341708628482,0.021207512880681605,0.028308171967815644,0.04558190638159925,-0.045703898456007315,-0.06821533129216664,-0.06420430520091293,0.04064778651675243,0.02539271171479176,-0.043696830289089265,0.057146355983207074,-0.015285583158034586,-0.026218615642982945,-0.06902340869934982,0.07141849325515792,-0.08212630676160575,0.04084929415510285,-0.04841607265305272,0.0903102773216863,0.10994718703063835,0.08397305781013413,0.2100866259891912,0.02773194668452325,-0.07873620995005107,0.06017225588166836,-0.03211919083194815,0.07881244713002979,0.09223377181655554,-0.08387563028654212,0.11399354751971971,0.05179396121040261,-0.04877380429874283,-0.0870457843885774,0.06335466500426913,0.17441380097462975,-0.003465580999783113,0.033508936239360625,0.1503133155358738,-0.0873700109454018,0.06366632147095906,-0.033499519761981636,-0.06399612760497413,-0.025492592587661206,-0.06933171788273029,0.08186158163459656,-0.029972389307667296,-0.03836608958742967,0.0964415960806973,-0.07052272173010661,-0.05829399110858998,-0.07538389087512046,0.055777102001029304,0.001240476975396759,0.007227023972821894,-0.03797804686312486,0.09295790363531177,0.1048292022270077,-0.07650277145116809,0.06793062333674754,0.04573556355575971,0.0691296415361521
trstprt,0.026375309670011494,0.012006908682706954,0.013578678114999514,0.035060780115853174,0.5385504780086837,0.6274029988701069,0.9501621673705973,1.0,0.035811755865243274,0.17242985597677293,-0.04937239346729578,0.12615073051975356,-0.006731546662805998,0.037679785376345705,-0.04315122431777584,-0.05053454630943581,-0.045829438058788766,-0.10526653185206546,0.053655375323290844,0.013722774988640584,-0.03991939007666785,-0.051819111753473306,-0.025092284293540035,0.010660013661747623,-0.030497674015053322,-0.010019238884068974,0.03574684707803928,0.036304749062833624,0.06160993905676978,-0.04599818821747449,-0.09649227612245935,-0.10061728759483624,0.05943105506204806,0.047373756062392636,-0.027975772426146517,0.055074285630927464,-0.021465447586278868,-0.033589677609591743,-0.055861498460344605,0.100547607829109,-0.06030667994165547,0.06480798118356534,-0.040489122117687765,0.1049307636281,0.14006427026617171,0.102704511493796,0.23180459814808113,0.03702384587642159,-0.0875840966608764,0.06564651650136294,-0.01751015321646048,0.10679398087057931,0.1244314630818241,-0.06331153430425043,0.1477480984046248,0.07046123573144848,-0.050315117398885306,-0.06734766592252064,0.06433022894987303,0.18095443157782107,0.024131136230802954,0.041082353954779556,0.18737370895984803,-0.0703746449242568,0.09256104713304758,-0.030058056360147856,-0.09761841850998719,-0.048208155674990254,-0.10411228432328037,0.06025979607389739,-0.0051089488661105525,-0.022722289764909514,0.12555287960861447,-0.0753998619105139,-0.06426741229231665,-0.08044315426137422,0.06803138487033245,0.008681916028670432,0.016033648997570767,-0.041563200663631186,0.1272663649665609,0.14014185660098732,-0.054316835324956604,0.09813914306484126,0.07230901652233755,0.09691282476804303
hhmmb,0.5617990711132351,0.48522465151243455,0.13757798891163167,0.4120953865613797,0.011475652906781203,-0.01888583674696771,0.04730982339605719,0.035811755865243274,1.0,0.04664367511248351,0.06731747467686428,-0.16186132708793716,0.05392330653433355,0.6351899278411267,-0.5836981340474107,-0.000921064917172576,0.003477210672903983,0.24117441573171358,0.12857554157588624,-0.023346012880695065,-0.024042091411501747,0.4121575971451196,-0.5208921108022195,-0.0545437052033392,0.0025139578971749943,0.24528237942771153,-0.1508234652500331,-0.020822575741446386,-0.01741653188621003,0.07491774455998648,0.06757418788372616,0.10398386121976484,-0.09439108492707327,-0.031734095567880836,-0.4727656327153331,-0.08828750883616956,0.0611113266253788,0.005826092139207651,-0.43099773179059825,0.07611878302501458,-0.5527518258475341,-0.11624788945913596,-0.0948591258477959,-0.01646643441113044,-0.11911283704560945,-0.017206775476975963,0.039225188051253364,0.26549616160016776,0.2964691508328464,-0.15616775640734787,-0.49673870178801116,0.06785903740452169,0.061724068970960486,-0.5847657127424735,0.045699657107466186,-0.10796283483329605,-0.08257022043307649,-0.5820390436421832,-0.09519819600852578,0.02253221640175018,-0.0625818833356002,-0.3056202213273984,0.011454887448972315,-0.5298932362583472,-0.07724687040152313,-0.08183849755503518,0.2516265349010807,0.28649749165621013,0.23697756091941488,0.5616864062421195,-0.40375110775330053,-0.19627318435308597,0.046487316623536196,0.0023813023836408076,0.018511254002504324,0.005052394460273778,-0.03824479848588119,0.05892888875108536,-0.05507058158617634,0.004053416292277252,0.03307201680978598,0.02745278045865433,-0.553370464391309,0.051281876290860486,0.059129130459733115,0.06310266563385639
gndr,-0.022480995865829845,-0.009941581421981064,-0.0905758397035892,0.007783005008011335,0.12138284463720002,0.12285267484402468,0.1512525065514234,0.17242985597677293,0.04664367511248351,1.0,0.005861182489294964,0.15561532423943958,-0.10970965955981332,0.02383445235238781,-0.022084845408818467,-0.06957332917142744,-0.023711594762652784,-0.21392438685619042,0.27231926878779816,0.03312208276369939,-0.03111751883335751,0.0030166181774476794,0.04522820188192428,0.07827143919657041,-0.08933944630103037,0.015501345449332973,0.04903352085831684,-0.05599086675844706,0.09301083365982876,-0.11019885024868213,-0.06313078985839077,-0.11964973514082007,0.05934028258787625,0.014937997189905076,0.042437462781127075,0.18133780321956752,-0.04897760570534784,-0.07264721928549797,-0.1836535812206538,0.1388633181266449,-0.10471262844262212,0.06613029763014272,-0.08262650025406368,0.07912976614414688,0.11146012488492255,0.11411510354733415,0.1664363783539653,0.3856641786214046,-0.4139356418566397,-0.1718743045607592,0.04751202033590411,0.1353732364214892,0.15597193124803255,-0.11229294904115425,0.25017316948501955,0.09855179667609348,-0.0735679032464893,-0.12563544518483122,-0.1623769248391381,0.2758413026157663,0.2449248234435066,0.16689791195503786,0.45164368220285367,-0.22658665600703398,0.06410804761585732,-0.09940866850566195,-0.21636936495614864,-0.1600812814354872,-0.217084843247412,0.11204670898087073,0.05196409122350069,-0.06037455207990139,0.16578536240418995,0.016367399900041265,0.04011687908402678,0.01559937473230832,0.04860127475584234,-0.08651775812463425,0.0459808880020149,-0.09698280155992808,0.1645341887051675,0.18578320073042404,-0.10105425045895275,0.16570853033893143,0.04510723849451954,0.13734600544398462
agea,-0.21882606104053443,-0.24134973108858643,0.02515072889303706,-0.18964067913846783,-0.08237551107636099,-0.052295925466887425,-0.049442391483626155,-0.04937239346729578,0.06731747467686428,0.005861182489294964,1.0,0.4323254255124654,-0.08833626295780994,-0.26346101614884737,0.23417111792379128,-0.07295330230928564,0.06841559136246828,-0.3415681152853623,-0.41730842685868463,-0.007976091616437902,-0.03213798595994412,0.22177684745289125,-0.031454510718484,-0.026946362852154404,0.033971249029125364,0.036900516986440465,0.08643655509779448,0.08437353134140345,-0.27827822226704146,-0.0947580741596654,-0.08135233309543784,0.05583657490556107,0.0416858436476032,0.07135495714557087,-0.03643275130134337,-0.08606348027404337,-0.1844341619841994,-0.11269232318634477,0.133393658456713,-0.06426571925914727,0.22192644989971017,0.1538186263221389,0.28335191248090913,-0.06836674135983414,0.044946584612229515,0.17085998194861998,-0.0011382230123119833,-0.047216995193224705,0.025376788297180815,0.08828069820588426,-0.052718025548183806,-0.06660103455016286,-0.08569364556287992,0.22184483620734954,-0.0967160212998822,0.21804662374335199,0.3125127343003861,0.22224140635814318,0.0967458806794063,0.008441324637543438,0.2562659694235734,0.0737048891708368,-0.11634512602676808,0.21329440106905118,0.10642734235985575,0.2397156121960754,-0.3988375400753794,-0.4676174866006374,-0.35111219776225566,-0.22152213706507506,0.5567722313577246,0.49606497273173356,-0.07583610242923379,0.09295564004058149,0.13977411327022027,0.10184867924389687,-0.013211313340218226,-0.012077878155605477,-0.006036166449527157,-0.0017286031950787715,0.026896895962013858,0.034729374381272916,0.2227581802175906,-0.061109201648029965,0.014220601937414689,-0.07490998600396068
atncrse,-0.12569707919329096,-0.12909756431647873,-0.040034057433782265,-0.11159069780634058,0.06171330524844705,0.0763589407978199,0.09585779754731369,0.12615073051975356,-0.16186132708793716,0.15561532423943958,0.4323254255124654,1.0,-0.11032024040563239,-0.40956592120386137,0.3354302377715612,-0.06601750100769367,-0.032054831866458605,-0.7351045576273296,-0.43708443244752604,0.08924544555405921,0.00790053929013961,0.027400768154913602,0.06921439522275702,0.0996983139865627,0.011837276459562689,0.06525931962239352,0.26177811780388,0.11181864491558252,0.0003737770663615404,-0.18361868780626445,-0.2968148396919641,-0.16312129581723178,0.13336327219319885,0.12235707505941422,0.05716769147497687,0.014559983397316158,-0.16472402632108682,-0.07958301428617968,0.17856418739521482,0.27750609537102344,0.31241952902925624,0.22615107587712485,0.2895823343139878,0.20252555542166345,0.3196814910116802,0.3510447280524275,0.23059799708246914,-0.04120137866301547,-0.16992700624448065,0.21896468198899047,0.0584464815984352,0.2655872261535968,0.2999726313497015,0.29445780003961086,0.3005211449397954,0.27824705902607694,0.2740636527061114,0.2973209890440287,0.2323915030975568,0.27170175763916843,0.4646151096432705,0.1918554004667939,0.22605658649649707,0.27715233560598834,0.22142424447036776,0.2608868068466374,-0.7648699522750406,-0.7070429686968258,-0.7430088421753208,-0.3182358821989217,0.7396176543850762,0.6044089291221314,0.2864170491085055,0.08625618482011897,0.13166016409768694,0.09469934706966099,0.08278461521480159,-0.05958748397504939,0.08382908553297978,-0.00862876701106269,0.33671065019843943,0.35696818290296173,0.31677311428345745,0.29978077252642005,0.256116359985334,0.25788798317074313
brwmny,0.10864427324921509,0.11596243689643311,-0.010946573498168723,0.07565757268052861,0.017284094817237097,0.042111372431315075,-0.0035373299464141568,-0.006731546662805998,0.05392330653433355,-0.10970965955981332,-0.08833626295780994,-0.11032024040563239,1.0,-0.030189761969367082,0.04262535329374522,-0.012420891199721108,-0.007024670611773427,0.034959783335252154,0.022144328449653205,0.008803836904776924,-0.006152824285545886,0.008794398925421094,-0.016914944716289702,-0.03219993804050089,-0.06055530514666667,0.05803072944258923,-0.19137909237203024,-0.08203694032704266,0.182880356591214,0.006115606958055695,0.09931602307188135,0.10016396984766486,-0.15078152521737645,-0.09855097807876595,-0.021022924194348112,-0.09729316359068961,-0.004695614137484486,-0.029698951359764903,-0.0479947688301498,0.1601446923313216,-0.029030922045414215,-0.15815539397704068,-0.06914790370241103,0.09685059961640824,-0.28230015974076467,-0.032343673734272965,0.13127061531805512,-0.0898536947577097,0.003433493363747353,0.038820944184841236,-0.003926776517598923,0.17539054156878392,0.13257278855205748,-0.03203353840116252,0.09970714507378091,-0.09443586628915009,-0.05761541904734001,-0.036279172519001826,0.057388748805309815,0.015099489712444795,-0.0769965326059524,-0.003240614671323437,-0.09690727952830193,-0.048443972737047244,-0.1813771364357181,-0.10090465451697851,0.059212338005421424,0.12942408264515115,0.034829659004252986,0.02979012754656837,-0.043836047701231555,-0.0008453967549053373,0.1375673687625796,0.2294392460072115,0.22665552615875495,0.22786791767636957,-0.1606118871166454,-0.05233804720008511,-0.147962762930616,-0.07720272076017518,0.1414927027420488,0.12112984909040551,-0.03146045365639447,0.14417345631093847,0.1573725743162921,0.16860234075746097
chldhhe,0.5630703454052608,0.46124160604279985,0.09857287820975587,0.3662100460790796,0.016700096282894483,-0.012202404635200797,0.05825782533602729,0.037679785376345705,0.6351899278411267,0.02383445235238781,-0.26346101614884737,-0.40956592120386137,-0.030189761969367082,1.0,-0.9808140978691539,-0.022556099404623324,0.01848403202485214,0.5836531966723476,0.21477625337045225,-0.016706548256559383,0.0024547724392675824,-0.1357679731902552,-0.6841623840440407,-0.10909359399304887,0.061209963113335014,0.24361846100438478,-0.1906696157667201,0.0027856074674498005,-0.29432090962450963,0.15693341542914727,0.15429739863260455,0.1532004039609462,-0.08999113153399058,-0.040321179241686815,-0.6680003249786273,-0.09797914369871859,0.09581790203956507,0.04266973625830365,-0.5805029129889232,-0.16032538240823474,-0.7985839118033496,-0.12269552659789543,-0.08555438588419172,-0.19736483608643257,-0.24202929256524172,-0.25997197392071997,-0.22331135741678088,0.4171515098290575,0.4974070407173454,-0.2680750841573611,-0.6764050282446544,-0.1560321802194465,-0.18616558303436526,-0.7941032605812836,-0.18395508058213664,-0.1552775056205101,-0.09422464347754732,-0.7973743906814725,-0.2303509507525382,-0.08845542775156287,-0.1739194860954309,-0.5236628286452815,-0.10984767248978607,-0.7188501619674166,-0.08700648585378504,-0.05049594083221853,0.5609495257777494,0.5213056508447049,0.577635149655063,0.7994476412445096,-0.6874179099918251,-0.4171421796852899,-0.1849846645192445,-0.07360042488247807,-0.08250446680623368,-0.07268379923374904,-0.0878134249678222,0.14384452284250637,-0.06704958766746687,0.0450857021050358,-0.2168251480547385,-0.23062292555446937,-0.7994972024878637,-0.1963108787842446,-0.15128214581971083,-0.1609485659670624
chldhm,-0.5906175892843157,-0.4856279943262067,-0.11289660972004713,-0.3927409128901945,-0.013616710973959547,0.010632959895722275,-0.060290891597619245,-0.04315122431777584,-0.5836981340474107,-0.022084845408818467,0.23417111792379128,0.3354302377715612,0.04262535329374522,-0.9808140978691539,1.0,0.017245527207497953,-0.03266859301594849,-0.5120222389647321,-0.10145132040198258,0.011443340941654502,-0.010014051111634852,0.2595320212646263,0.7396146252557073,0.102527206106189,-0.08581466845749515,-0.28560737539437636,0.16715003988019414,-0.03883196095568234,0.33308906611801914,-0.16158210135054865,-0.10611589670119777,-0.10839526904127811,0.08852808169405937,0.029837988090956155,0.7333873347739365,0.11361835696159037,-0.07272524944919137,-0.0324198539061228,0.597886543031706,0.15542904801270685,0.7992638542003382,0.10908937623060495,0.03184976625385004,0.2044111584261694,0.2510112680015383,0.25994625812392236,0.2340517481598083,-0.4349158066049545,-0.5372087136057407,0.26249439948987613,0.7386522570535606,0.1545244691899578,0.18655177135733259,0.7968272991570721,0.18403104629703743,0.13113904493190495,0.04138266219340252,0.8007688961477755,0.2217889804695865,0.08282806846482456,0.12292282084140677,0.5593605965834266,0.11523898245501593,0.7199354653105341,0.06899851818922581,-0.006910826493806736,-0.47997584314537595,-0.4331923558517577,-0.5056780443500757,-0.7965049040237219,0.5979660529959059,0.30238560077142085,0.18457640211640766,0.038890659360769284,0.05429246243731035,0.03682791792636392,0.09614433463531745,-0.16299107532067783,0.06231228245774622,-0.06161062728967602,0.201908416674707,0.21725879322781452,0.7993054789901866,0.19417722266127194,0.13988584463144968,0.16089279238398088
cmsrv,0.0067471244466028365,0.017761735563927017,0.0393735272892239,0.040206369923339674,-0.04162456748308105,-0.0408878734002179,-0.04455575693229543,-0.05053454630943581,-0.000921064917172576,-0.06957332917142744,-0.07295330230928564,-0.06601750100769367,-0.012420891199721108,-0.022556099404623324,0.017245527207497953,1.0,0.10153423802423309,-0.01162888293656124,0.045873045881010155,-0.0202328563920326,0.024775006699870625,-0.025223221607286038,0.03146337804474534,-0.013250378642070192,-0.024090701787126276,-0.018410893455680647,-0.006073459619350213,-0.028451132906396163,0.06679387071377998,0.012978084570575851,0.0005178052077281874,-0.02343934709462804,-0.05649685760558248,-0.044670596274006595,0.03376533043326621,0.008527939991025637,0.004438405526838732,-0.0187430891511742,-0.01327587535283565,0.017704242303796105,0.0028754600518319227,-0.07189926964401534,-0.06559068420594943,0.0018104604413107996,-0.042965590653473336,-0.01923981788786126,-0.02376203324569316,0.03492660971553953,0.004353677504976333,-0.09712497348177541,0.03415966191406037,0.008714194809617833,0.0007337579671919776,-0.009097148934470688,0.010797549485542467,-0.05246106117574053,-0.03346481418217328,-0.007948165418880226,-0.08387310143531604,-0.010809543024291664,-0.01875106638150342,-0.030795909010297638,0.006820544566503578,-0.01314381973358601,-0.08052218445662956,-0.06522176016343645,0.006645174142042065,0.010766496343243667,-0.007249169358843036,-0.002859673906365094,-0.030927955837502723,-0.0388221651856646,0.012931262301938104,-0.015298399153712677,-0.02489078082371688,-0.016621004049582357,0.033162015730968525,-0.02267330968817207,-0.0009525181690826287,-0.016682729712400198,0.006302298259783888,0.009315464753358715,0.001337189188907283,0.014992149044691533,0.00967365839298232,0.010975804622698185
cmsrvp,0.014620136607631767,0.007460094789233703,-0.011466585080344217,-0.005204371154514777,-0.04837197006269955,-0.044107957536753596,-0.04386673658866033,-0.045829438058788766,0.003477210672903983,-0.023711594762652784,0.06841559136246828,-0.032054831866458605,-0.007024670611773427,0.01848403202485214,-0.03266859301594849,0.10153423802423309,1.0,0.02416299294510247,-0.06025593229045137,-0.02613883745252489,-0.017053402101946766,-0.03483991316909061,-0.07341327250205686,-0.028605201674883233,0.0026743886030495376,-0.006597010543561421,-0.013984150627644257,0.0080120009665055,-0.02867385589173714,0.012412655799745346,-0.0066320634091918225,-0.011077179894325091,-0.055383127604060556,-0.04764490344713615,-0.07758463405336187,-0.026914584610891572,-0.00511810453347448,-0.011165089520431963,-0.031703781965386445,-0.02668852239154916,-0.04166513897872744,-0.04736416914349862,-0.028045671932735793,-0.04927748977890755,-0.04054621193300469,-0.05160249298808258,-0.06113416694227405,0.06914200656829536,0.07418389540785493,-0.10191058365461947,-0.08171687074545553,-0.02808157473798856,-0.044174410253979786,-0.048071272113032866,-0.04102264379483506,-0.03218183762406698,-0.02342110389410358,-0.04716079582496515,-0.08768093704899439,-0.02627815361441142,-0.01855075792800802,-0.1052055396432917,-0.05183073877772555,-0.03639195408631073,-0.05226292778003077,-0.02192501191238306,0.0161491317951122,0.0018492666999155105,0.024086322361108494,0.040770079896871425,0.004099463615750128,0.04401281850779433,-0.02857001410480888,-0.0011663101298065757,-0.009581708959465746,-0.0005824122833901096,-0.01810375954568144,0.008351193133132546,-0.01532945713525002,0.0024720433621941763,-0.02239959773344591,-0.018836257018966514,-0.04242642521678033,-0.02904967259133766,-0.014180580667253456,-0.028199711887516517
crpdwk,0.1289628656425819,0.08119895644163515,0.043791026732555055,0.06369275862858377,-0.0764353947491423,-0.08500159986273424,-0.0703259271573974,-0.10526653185206546,0.24117441573171358,-0.21392438685619042,-0.3415681152853623,-0.7351045576273296,0.034959783335252154,0.5836531966723476,-0.5120222389647321,-0.01162888293656124,0.02416299294510247,1.0,0.3909380372659347,-0.09598266647926894,-0.02007211983770584,-0.007599633026047897,-0.2977685651742999,-0.22717062267697294,0.001183649334737302,0.03824741729218417,-0.32624174685925866,-0.07061782775768052,-0.36986904305840984,0.16927248914547474,0.25899542300748724,0.22486294348247918,-0.12911353182512034,-0.09692114032329788,-0.2890426342621301,-0.13544060807863775,0.12791085390324994,0.07082410041371516,-0.3223918400518564,-0.4570442389610711,-0.5062878461795308,-0.17579698980785424,-0.16094935791618706,-0.42545367351171764,-0.382506446322748,-0.4408817750687405,-0.3606399368728825,0.08325382002630718,0.3379096985797426,-0.2636811789186582,-0.29183512648282506,-0.44991246901752663,-0.48907383795417453,-0.4766489580751779,-0.4891662150041387,-0.23029600245554183,-0.15054003136498054,-0.47747898075891293,-0.2696045063113723,-0.2767873700262129,-0.5502563738618604,-0.320939236611784,-0.3090154428375477,-0.409623208973255,-0.1766454147301905,-0.1370931686012608,0.9869683803191367,0.8616855880644654,0.9993783084935861,0.5137763768859929,-0.8335104783062952,-0.6117361616185681,-0.4783899918934594,-0.08919523264989235,-0.12057445647329113,-0.09463607695810008,-0.2686509814032017,0.0889407885790184,-0.1869395403223377,0.029498355673646882,-0.5158557058089032,-0.5435174952995467,-0.5113666326124188,-0.49735659937269083,-0.3674008672200547,-0.4479593464127772
crpdwkp,-0.067499837863946,-0.06044757559649072,-0.04249272278029283,-0.027338996969522196,0.08803792454768972,0.05140725752503678,0.06491136561797914,0.053655375323290844,0.12857554157588624,0.27231926878779816,-0.41730842685868463,-0.43708443244752604,0.022144328449653205,0.21477625337045225,-0.10145132040198258,0.045873045881010155,-0.06025593229045137,0.3909380372659347,1.0,-0.013858716952763878,-0.04103565676778068,0.10881722362560269,0.26716426830537066,0.004443279781475907,-0.1886896984034399,-0.11267245693676481,-0.05414325370101477,-0.32332744621168485,0.23181227136884744,-0.08772838676062135,0.13625761051194588,0.021953119695224337,0.0346486310038627,-0.0005020395436339661,0.2846108136724911,0.08343593381785273,0.1239273482958761,0.054377603268075905,-0.19209685582092367,0.0024299270067850457,-0.2807286674168816,-0.06562767483288463,-0.26879873166749335,-0.005823005910915028,0.007560771007548585,-0.0743992850253722,0.079499030690744,0.06525408541017721,-0.3888770497900472,-0.08696668438637398,0.2760151203288811,0.0030379734465388313,0.02323524656127584,-0.2650372673260497,0.06543954310413974,-0.12736680256334362,-0.2594727654214442,-0.26583403976858017,-0.09777647382069768,0.044319064294106286,-0.25121250194811967,0.0950043361895871,0.20945146947768575,-0.282865293131042,-0.051129474504334416,-0.2736216034251731,0.4436624481004104,0.49545193048047526,0.396730793120659,0.3022503100820598,-0.6198208172140227,-0.8937942624682563,0.02193113408562853,-0.17081172010984433,-0.15860619711972682,-0.18022036306989067,0.07541104552313511,-0.2373976882558144,0.029151418539223563,-0.15828267374765953,-0.0472233416267363,-0.03986020277378575,-0.28406955740675927,0.0014575937799359247,-0.04009221151196232,0.010766098979651485
dngdk,-0.01879373234221619,-0.036079695887182406,-0.04590109736766525,-0.0520172682129486,-0.010038615378392077,-0.007641459642296801,0.005237029088863572,0.013722774988640584,-0.023346012880695065,0.03312208276369939,-0.007976091616437902,0.08924544555405921,0.008803836904776924,-0.016706548256559383,0.011443340941654502,-0.0202328563920326,-0.02613883745252489,-0.09598266647926894,-0.013858716952763878,1.0,0.06077158452194229,-0.05397939102897633,-0.022449305025398505,0.08478658276680533,0.0027980825345671643,-0.02949877327284325,0.012332163747320716,-0.013633649149642952,0.009933367084028014,-0.031189360244935932,0.1371586796331508,0.060618080582593686,0.0161039955879235,0.045132230280614034,-0.025296751760132727,-0.02615941319464861,-0.0018012313619179608,-0.021107337497592266,-0.04359678755249613,0.13208888422389298,-0.020323780936902066,0.04377631490382174,0.035067354631090016,0.10854729608149635,0.06377658662415533,0.13506285641831683,0.11115992152282635,0.042397467541573,-0.02149547535481848,0.015873030171431133,-0.03178349514453728,0.1457022630292539,0.13123163398387191,-0.02115616743669871,0.1267712731999686,0.029006219242131058,0.022873639333070885,-0.024947907144983412,0.0459920802302669,0.06242369247649492,0.49009685960293176,-0.002979427907051699,0.05042889201900285,-0.03595696682142648,0.023980726757737922,0.03328565081321404,-0.1036965116145618,-0.0490524677184459,-0.10981435270589113,0.017838875514843804,0.04740247458074862,0.04196033521745412,0.13942373439458255,-0.030153664125520743,-0.003370937850620293,-0.03359165964277092,0.01665082096754083,-0.030012386439845013,-0.0003750118768364081,-0.02171451109576182,0.12431810403391114,0.12989837320069633,-0.015393785406742268,0.13246140119554656,0.13268484974990477,0.14516319319180795
dngdkp,0.017349334349301852,0.013733777169835289,-0.051312262337335615,-0.025612665342324693,-0.03794512950093487,-0.03583689992545687,-0.03411026478578359,-0.03991939007666785,-0.024042091411501747,-0.03111751883335751,-0.03213798595994412,0.00790053929013961,-0.006152824285545886,0.0024547724392675824,-0.010014051111634852,0.024775006699870625,-0.017053402101946766,-0.02007211983770584,-0.04103565676778068,0.06077158452194229,1.0,-0.04409039450809768,-0.019348468700027155,-0.004078259568310316,-0.009551256545682136,-0.035474739884502726,0.02891885659134627,-0.006008844496163227,0.027113092814750862,-0.011664723594790897,0.05924542684126929,0.03658075294278128,0.033709646055102335,0.052066080043597196,0.008654562477339754,-0.011839520010517645,0.03236990682814633,0.026515882818316915,-0.0001858380003552766,-0.0009813249155579474,0.024573893611576674,0.03702913303505927,0.04697653118355701,-0.0018037035650895694,0.01530294535553385,-0.002224202800764626,0.0046926159956158465,0.006791720434330259,0.004885648126383865,-0.003301295334699729,-0.02118173511003453,-0.00044659919285762673,0.017719680556074004,0.02627708267397858,-0.000761777444173179,-0.01807000131774209,-0.004137634543478383,0.02342922179402406,-0.007079316024569791,-0.0018171501171956109,0.022198214496298576,0.01650444034729279,0.004310229982755269,0.016929060014580163,0.03915249756648592,0.02288797477200162,-0.01670246649936213,-0.015448730253033064,-0.019973743296134633,-0.02693512799158841,-0.0008576726800698767,0.015093717133794963,-0.008395761094249417,-0.052950101346112693,-0.054840682743609453,-0.04997928453502219,0.013973175175918156,-0.006266116280833388,0.019252343650890534,-0.01060045379004217,-0.00867989036585728,-0.0032868678916599917,0.022931030953106165,-0.004201424073866171,0.008070976599290033,0.0013121611423073257
dngnap,-0.11311374359821512,-0.0983796206827949,-0.0339299406146515,-0.09469011433883537,-0.048398998060929704,-0.05323836999412715,-0.056107956068621796,-0.051819111753473306,0.4121575971451196,0.0030166181774476794,0.22177684745289125,0.027400768154913602,0.008794398925421094,-0.1357679731902552,0.2595320212646263,-0.025223221607286038,-0.03483991316909061,-0.007599633026047897,0.10881722362560269,-0.05397939102897633,-0.04409039450809768,1.0,0.14888669508724406,0.0030193226339238106,-0.0611762132440861,-0.08407025809427418,0.0012191557527010297,-0.059646420280200216,0.05224687296901918,-0.06602245734148772,0.02187035218630236,0.02567734858603054,-0.014203633131475848,-0.009213247433290911,0.2035758221420938,-0.004108603214922873,-0.008968574190154326,-0.021729429600421447,0.17330991206738253,-0.042744005447889616,0.15840465095681178,-0.0007090293764907838,-0.038787597574891475,-0.050421651596839284,0.08838171403960267,0.06923498067586951,0.05826789033347685,-0.050016646468878344,-0.12224127103879875,-0.024678284749875812,0.1928420472783302,-0.04363178929190314,-0.03622744015986771,0.14201310777169032,-0.045489561300713605,0.010147079696616806,-0.018068073981695514,0.14717310060074665,-0.01989299526634051,-0.022807340895168695,-0.04141985342037033,0.19853655417605193,-0.009047122978505894,0.1475177503323702,-0.013489233909394379,-0.07123774389056159,0.006176840253767743,-0.01639443067951434,-0.006195824797720824,-0.13906691838631494,0.030887493309276867,-0.04925719027987844,-0.04559811826197553,-0.05837982964274186,-0.04146449552077712,-0.05700525611014713,0.01711025445368281,-0.06371016496831071,-0.0020459942953159967,-0.04632021759811354,-0.029991286259781532,-0.024716232169694468,0.15513820148250745,-0.03999560474794892,-0.020600730019553214,-0.046429057611087156
