,pspwght,pweight,anweight,stfgov,trstlgl,trstplt,trstprt,hhmmb,gndr,agea,atncrse,brwmny,chldhhe,chldhm,cmsrv,cmsrvp,crpdwk,crpdwkp,dngdkp,dngnap,dngnapp,dngoth,dngothp,dngrefp,domicil,dsbld,dsbldp,edctn,edctnp,eduyrs,emplno,emplnof,emplnom,emplnop,emplrel,emprelp,emprf14,emprm14,estsz,hincfel,hincsrca,hinctnta,hswrk,hswrkp,icomdng,icomdnp,iorgact,iscoco,iscocop,jbspv,jbspvf,jbspvm,jbspvp,mainact,mbtru,mnactic,mnactp,njbspv,njbspvp,occf14b,occm14b,pdjobev,pdjobyr,pdwrk,pdwrkp,rtrd,rtrdp,tporgwk,uemp12m,uemp3m,uemp5yr,uempla,uemplap,uempli,uemplip,wkhct,wkhtot,wkhtotp,wrkac6m,wrkctra,wkdcorga
pspwght,1.0,0.06378185514947597,0.8949364741757693,0.008852079499894625,-0.037857058780212276,-0.0019842110194636504,0.01637091185075849,0.15107070967103878,0.02348721673744976,-0.5782714160072883,-0.10465250097752178,-0.05041339767611478,0.11667672445319893,-0.023532398784157596,0.07580200375389062,-0.005377654796215225,0.002880546520435113,0.37418981354940567,-0.08046818491385453,-0.00723411175648922,0.2847807986402184,0.056922729503930604,-0.0766131683698227,-0.046065255302461125,-0.1139853759010771,0.03663488305403901,-0.08667569531677888,0.5881659637911967,0.06422437842920926,-0.17805251071276093,0.08681075707399193,0.25268518416554314,0.2949208496069143,0.011913958371613069,0.32527894026982446,0.03969700680217745,-0.11125187813263315,-0.29332367741152626,0.1609660936385456,0.24482892305120169,0.020819371070705053,0.33260315636917753,0.0348077073054743,-0.028804434446458957,-0.13885223365401203,0.2924881680051659,0.27866740636668746,0.35935081273369024,0.030669537586084192,0.40914034205566846,-0.19503099978083305,-0.36034820572987797,0.03128645470122248,-0.13933881463228734,0.26774814192258206,-0.2528540900366608,0.0631507069507283,0.36297631174768735,0.02678623613651359,-0.01701054146405831,-0.2072178086476613,0.05098997591907793,0.1595310702087147,0.009220342538675517,-0.03559058906805444,-0.34816064047966877,-0.42437301181296416,0.38626804247348606,-0.08374292746187505,-0.10421741513794813,-0.10322334961408784,0.15712598960514454,-0.057813487401188725,0.11573835159504815,-0.07969967650335727,0.27652391218323535,0.26241614341624436,0.03931532294115866,0.36865034831245,0.26321865026400454,0.2967530982065963
pweight,0.06378185514947597,1.0,0.48976204292619957,-0.14680864228514964,-0.06029335879479789,-0.06756659029110058,-0.09079145062244726,-0.11768595297068077,-0.022477904005731332,0.08958605518036887,-0.058259466499163734,-0.07476484173262425,-0.05537900699236381,0.008695678400421316,-0.021605032096527033,-0.03326697920958671,0.009466526229113167,-0.009307552857786804,-0.05035786768252233,-0.057963412853120976,-0.01329067354485931,0.07304658011142048,0.012795372247284512,0.0071070907376135925,-0.16858754938121698,0.058375338132962105,0.0016023166882594257,-0.05127931091493696,0.02736975561900524,0.1748242305236203,0.014725691885528658,0.03568451683085261,0.03174855949754217,-0.027056760196562894,-0.15655871021060064,-0.010540858491853053,-0.04372879559720236,-0.10739830602037642,-0.07135920982631103,-0.170028196589195,-0.05139822727804493,-0.15347439265871624,0.035939841575625305,-0.012270611371761801,-0.07144986236562427,-0.012074694629129993,-0.1284338214994658,-0.12751648101963062,-0.016405382604546208,-0.1458351274446235,-0.04882647994395402,-0.06490662820673251,-0.019094162200309284,-0.1899586276273005,-0.09119226777662853,0.017470441012967453,-0.1568751127377064,-0.06623143915853576,-0.027023077918068655,-0.02047299126322531,-0.08138131437177931,-0.0021317620183412054,-0.047565528649436334,0.009837181709462739,0.010382603036808408,0.04725679249669705,0.04232737961665586,-0.1345516087852161,-0.10372032456507949,-0.10774324929446846,-0.199111846044261,0.04980526609115447,-0.03371945867062856,-0.001717037775814714,-0.011420983925332273,-0.13472168236437218,-0.1373922437079956,-0.009967705657905442,-0.1385079932060228,-0.11391674231221317,-0.13758591120463728
anweight,0.8949364741757693,0.48976204292619957,1.0,-0.03263706697047169,-0.04621113819866393,-0.018839266806276324,-0.009079862650079847,0.031142136310863575,0.027505213610247384,-0.41646038909990296,-0.06274407939059669,-0.09001981289149391,0.019698054185822517,0.03563751505256368,0.06040677600409535,-0.02262294549943575,-0.05131043197104433,0.28247779125719347,-0.09311398737691472,-0.02782038286951455,0.2772625190868896,0.08713475190796025,-0.06360991393953574,-0.03856715527081981,-0.149152145921783,0.06980939115885607,-0.07316427075935748,0.4975525838046997,0.055118624185107136,-0.13249575874590142,0.08346170619205098,0.20090563481260149,0.2318325142918895,0.028448503080978006,0.22885984296262937,0.09071830120666666,-0.0884988617030103,-0.2628924707268467,0.1071635416784325,0.16625719384732202,0.031557501222202994,0.22885094348568488,0.030935824180518615,-0.036825385809081866,-0.1501954632629035,0.2818512759659542,0.20321994796076914,0.27281357717800225,0.07958737132296453,0.30846670976550195,-0.15502395765416183,-0.2973817187139437,0.07881076424671446,-0.19802270609155975,0.23568097127785523,-0.1625962677637466,0.006939751254305891,0.31138613634300005,0.056689187031755676,-0.006173647998200456,-0.18529882585494126,-0.015014217759267964,0.06187061536600715,-0.04553225875094699,-0.08663815396658409,-0.2220196753621552,-0.30443985275787605,0.2890449218084728,-0.1121151425927125,-0.13068607496908716,-0.1718372562178214,0.1651331502337886,-0.06454262868695355,0.11177456222226277,-0.0711413057130142,0.19956441274978903,0.18676048492135117,0.09055803760468974,0.273505732911137,0.18864330645950908,0.21120360267616914
stfgov,0.008852079499894625,-0.14680864228514964,-0.03263706697047169,1.0,0.6075213874631759,0.6460154159116369,0.6700527482079335,-0.1384628768925777,0.10962926834692983,0.14810108014037351,0.2104906284276166,0.09302347689434183,-0.1944225407551188,0.18918669937548918,-0.020427558399965094,-0.03764907495771901,-0.24741689220180577,-0.05582602983689997,-0.027037513780940898,-0.06259142391012415,0.16110682016437625,0.0021806665799723557,-0.03815202439879185,-0.04341150396170215,0.11410706324935874,-0.01819190986293054,-0.05872096408921485,0.11958371988741695,-0.09195424911205602,-0.24281564476363768,-0.031156705556342073,-0.12543847117843035,-0.14531414596653106,0.09504211151975947,0.20341998710632347,0.1941172950168174,0.058147292396916433,0.1085589286740898,0.09617671428515741,0.12604798960404268,0.1894058143698638,0.27757361801651065,-0.07409738718835486,-0.08224910273036984,0.005096774792748015,0.1596157844567425,0.29401105412850825,0.20050990795918114,0.19975797396142778,0.1857046233636367,0.10815209715177256,0.13813021052260516,0.19759689004231493,0.07700181914722513,0.2808391223782233,0.15964921174972183,0.08840059638008053,0.10708942694734677,0.12686332143113918,0.02526292363394197,0.061326731658948155,-0.2393500227260202,-0.17433920294044705,-0.2458659345286944,-0.19221282602327314,0.22534369641074237,0.11228359672623645,0.18605789735890135,0.10828066305354864,0.09560543789913979,0.11707279455658653,-0.03784329104677519,-0.07585963460660824,-0.008841457828807579,-0.04005552383096769,0.26870369672048483,0.2752494440955723,0.19326687607124998,0.183627987284369,0.15807025000500305,0.25545076383842846
trstlgl,-0.037857058780212276,-0.06029335879479789,-0.04621113819866393,0.6075213874631759,1.0,0.7378569158851839,0.7392276061912549,-0.06806068402691097,0.08918212760580166,0.11848639976490336,0.10859109665356653,0.106748835002647,-0.11464382670091997,0.10628737176142945,-0.034200541719575435,-0.03760135061942384,-0.158876608104299,-0.024882939247864486,0.02222720492257346,-0.04211211406729008,0.06844095759499072,-0.02619140456925411,-0.04546064903905871,-0.04498846456728704,0.04433521175466951,-0.02546071556476613,-0.05199947922932325,0.0726272498399909,-0.04910200183038988,-0.109392701662002,-0.025747761537828494,-0.07814503470843337,-0.09294037035949308,0.035493211414466874,0.15603640681791522,0.08344220603535024,0.008517608477521832,0.047079920195376435,0.10319363196853372,0.03111912567093854,0.0990162747716087,0.24064542255254362,-0.02967801002600614,-0.07674071999750727,-0.00929641318202667,0.07124317756439091,0.2558541292339377,0.14720379921558324,0.09023209319852567,0.12786051958179268,0.05319061810135627,0.07512614692104966,0.08815773066180102,0.048078084384446204,0.1967452708592389,0.09791003062472951,0.021457150266580387,0.02564246668252893,0.042735835378281274,-0.01668291176657703,0.011533828910982629,-0.1536647832402785,-0.10012194863746324,-0.15791464339711508,-0.08230259385126729,0.15589005976364165,0.07820888668027275,0.13747750658414862,0.1060839849393179,0.09325079267370062,0.10511270158969287,-0.0429553661242656,-0.07084456040314513,-0.038111655468363,-0.05702645053272363,0.21862459324952932,0.22685393521940528,0.08256649146661135,0.13739351085975787,0.11406296976131358,0.22128410327068043
trstplt,-0.0019842110194636504,-0.06756659029110058,-0.018839266806276324,0.6460154159116369,0.7378569158851839,1.0,0.9343596820960444,-0.049758976956645835,0.09113038627349447,0.06693376973000124,0.07750129878655843,0.11300464642631795,-0.09350274028515068,0.0905757527083804,-0.027271253987731493,-0.03219448725902763,-0.13851152624539223,-0.0021077931899607973,0.01802605141254976,-0.06600488122854943,0.07827413205439075,-0.007985709649035722,-0.03294397763578361,-0.04345723596739658,0.04312484908874431,-0.04590111554363734,-0.06633387481209553,0.10680553431217733,-0.036435600265028664,-0.08466222816687535,-0.029972187805740375,-0.08729427660849469,-0.09550434839402953,0.027541288758270024,0.16023883954864185,0.077533572963625,-0.003042538810233793,0.03556228488425164,0.09223049348970593,0.03953299888048097,0.10180704023976347,0.2377106076627338,-0.01866691987529287,-0.06736619302036026,-0.020840906156620046,0.08214601449297136,0.2519810227499276,0.15245721987297078,0.0818919428509324,0.13735474687413196,0.05062173240124782,0.06421652555171567,0.08038970233531,0.03485017419351379,0.19568876158022402,0.06718774248399594,0.018217024479318104,0.04831201035843799,0.03699288408473171,-0.03297879335831652,-0.0029677118720015175,-0.13018740762913167,-0.07295207113820125,-0.13696715506842516,-0.07616574038380626,0.11712423240857832,0.04770348015446088,0.1429264419886591,0.1082647744980744,0.0929413443623563,0.10753370510649261,-0.05262736662328316,-0.07990309012271052,-0.03795239650338155,-0.0541150777005629,0.2152744146925008,0.22054800732059565,0.07563973778830005,0.14091783710516506,0.12433660534219844,0.2169833742356178
trstprt,0.01637091185075849,-0.09079145062244726,-0.009079862650079847,0.6700527482079335,0.7392276061912549,0.9343596820960444,1.0,-0.10549296924185074,0.11453689025432776,0.093564418675687,0.14309894742223844,0.09293614395641271,-0.15243217658841737,0.1519845830704557,-0.019933165209366242,-0.034319662746087415,-0.20902318848853416,-0.0194878174052474,0.013935737452642647,-0.06693229412923611,0.1316399813037873,-0.0017363988837497905,-0.04629310864752092,-0.04424588941693865,0.061636320634461596,-0.03968976650830486,-0.06946031404361447,0.13947069578223728,-0.05162858739404464,-0.14823670278149823,-0.006612135783813265,-0.09729324071236377,-0.11136067040653888,0.07612837083822442,0.17064268370679825,0.14097789483340328,0.029794062203840108,0.0630051615682724,0.08717242508366661,0.10129214765946977,0.157579592059019,0.25332208678905893,-0.0332713912238837,-0.08472555143216493,-0.012785220888278069,0.13556903359232064,0.2750702198536631,0.1719603524308863,0.1455159802981965,0.15937474485678735,0.07708763566282051,0.08932138202924415,0.1442165602106704,0.048482132768472574,0.24386637819873697,0.11939511700682588,0.05004570270308543,0.0904240203699816,0.09314523366287104,0.00443335644255952,0.02342482452395887,-0.20047853668123736,-0.1410382261369594,-0.20717141663000316,-0.14004019391964476,0.17113332668700218,0.07149745452623098,0.160991667230958,0.09023513770076927,0.07631475225148196,0.09270261702350287,-0.029517209773000586,-0.08460637136909797,-0.011997044506187242,-0.04896904273813858,0.2312422439853972,0.23768420418023128,0.13983338810557414,0.15791874099481593,0.12601903586347019,0.23401532329980304
hhmmb,0.15107070967103878,-0.11768595297068077,0.031142136310863575,-0.1384628768925777,-0.06806068402691097,-0.049758976956645835,-0.10549296924185074,1.0,-0.12084523312795903,-0.509660636316646,-0.4677060529773908,0.16272153831612704,0.8693795517543388,-0.8295422181318536,-0.06506422880936062,0.018778082628481723,0.5508445484471239,0.16120056435492663,0.04572168042164305,0.044774957944128876,-0.6617972626280305,-0.05605283025202529,0.036200896174046135,-0.022066968676898394,0.08819591630487304,-0.1195363807021996,0.02376963579494259,-0.06214842852109887,0.20948105333717643,0.4372898208766537,-0.08646373883147924,0.20643763632882653,0.24099415128333457,-0.5209218015030638,0.084185107121001,-0.7553847741618214,-0.1888630129460612,-0.32636095179992086,0.10070986085971799,-0.26908746405674205,-0.3444813444059773,0.1389991767649371,0.40091535245121074,0.3232989744295016,0.03658279773845176,-0.6517547420392727,0.02037481889422021,0.03776301611548081,-0.734495683234672,0.03611140029057036,-0.2205318199437249,-0.3576158213222496,-0.7354063423958467,-0.03317843347697902,-0.3201032719566566,-0.4073439555577919,-0.26726613430666907,-0.17883934264888965,-0.5880157129480904,-0.16403235805873737,-0.32475685559375694,0.564169313376906,0.5979678677462911,0.5463128748912826,0.7564131430287848,-0.6191796614111265,-0.2870135527221731,0.06706135770236413,0.003673336415465815,0.010880260673355117,0.02564365262463547,-0.10731252570217312,0.09237375777412227,-0.12752126339806558,0.027262851049208208,-0.003665716358338759,-0.009554209943359999,-0.75512107990547,0.05834805326196642,0.0838718188761727,0.06461471273631504
gndr,0.02348721673744976,-0.022477904005731332,0.027505213610247384,0.10962926834692983,0.08918212760580166,0.09113038627349447,0.11453689025432776,-0.12084523312795903,1.0,0.0745798531297832,0.029374361820123773,-0.18387764116104957,-0.07777334581832651,0.07053686350611375,-0.07392745605541427,0.020198655970285476,-0.1704898442947212,0.10648572180372365,-0.04167484862857807,-0.047502784836831576,0.13513122811400013,0.01644730938048117,-0.03345143108475379,-0.015829757918948844,-0.037523756485590254,0.02627585681392762,-0.03475455006059236,0.08487216203500134,-0.16107897407923186,-0.04973879162965648,0.20809786428256033,-0.044885420797677815,-0.0469987943437574,-0.06680125422212896,0.003109539262418183,0.06924811067885053,0.02217014330618781,0.04505618022798672,0.007492512084010302,0.07150275414576807,0.061563036471593835,0.02431870208869187,0.22975244059919034,-0.2962741959367473,-0.04860426490591291,0.13598779022205684,0.03511207080317199,0.0511036003076875,0.05922442564481444,0.10476112163872693,0.04074493725570661,0.05887409032457432,0.05013135643015459,-0.04902687402282349,0.015748997034244486,0.13432351890240626,0.07305430243038445,0.27776323880414683,-0.051174257182664495,0.010686647967064256,0.03790965130827277,-0.1698320179839432,-0.1608608857861843,-0.16903869003950994,-0.062188427431681105,0.1193737695215433,-0.005771486900473546,0.019832503309337533,0.04444249999489094,0.03643708586360394,0.0420328766369441,0.005971064721068298,-0.1093086293373411,0.00969520334303839,-0.06440280920028925,0.03791752316223732,0.044205149535634335,0.06802634227845286,0.04532769880496834,-0.10778049453189258,0.026795800176810977
agea,-0.5782714160072883,0.08958605518036887,-0.41646038909990296,0.14810108014037351,0.11848639976490336,0.06693376973000124,0.093564418675687,-0.509660636316646,0.0745798531297832,1.0,0.6391633280039748,-0.08702671622081255,-0.5758698002603067,0.4149365210683241,-0.0678625523324847,-0.016492021695134394,-0.5337395783108955,-0.6392095968550427,0.01213449125430986,-0.02301155506836102,-0.05681661099858701,0.011653320076577036,0.026613084262503348,0.03540663548950532,0.3457675985485735,0.12183969158917095,0.09524854423044532,-0.5408686924562577,-0.2574553657635069,-0.3986467001398571,-0.1488822068154156,-0.4851071293293609,-0.5703623310640454,0.167712572075378,-0.19868865511614786,0.354437257554858,0.3774513612554259,0.6875060164838261,-0.2604859049224731,0.0036401736421839723,0.28362132398090856,-0.2066684878002735,-0.10234568546022688,-0.10699887998571102,0.1918181177059732,-0.06287257256717257,-0.12872770328362396,-0.2447550774686984,0.3451627191459608,-0.29156512986511157,0.4879223859151189,0.77030542938554,0.34288014813245915,0.20632128830732957,0.12731244611556716,0.7104997300980002,0.07128171075476303,-0.19028919491648813,0.26701256977014265,0.2499514254911379,0.5594544737186087,-0.5893155536855834,-0.6846995168762116,-0.5390485567839572,-0.35910076613971303,0.8853071140146651,0.7921556312927229,-0.25959375162847664,0.09413007565355884,0.11925833518921018,0.09324731875628448,-0.09462617493734134,-0.005266856561329989,0.015564981894621986,0.08448853612803028,-0.12135606062907056,-0.09435275908670127,0.35289818509910564,-0.2486670720896978,-0.13520276704101364,-0.18460447988717715
atncrse,-0.10465250097752178,-0.058259466499163734,-0.06274407939059669,0.2104906284276166,0.10859109665356653,0.07750129878655843,0.14309894742223844,-0.4677060529773908,0.029374361820123773,0.6391633280039748,1.0,-0.09040982878250749,-0.6481558219321716,0.6041340013477209,0.045328671533894506,-0.03428575853701976,-0.8131736788233309,-0.4687224613471993,0.0487125157974413,-0.0037732109069218496,0.2986577921860763,0.06558868532295432,-0.02801153568569502,-0.023111702716773527,0.33958309788680974,0.19232907104525165,0.023507417592465506,0.028500828250662802,-0.2236832405269992,-0.6370633259741949,-0.03873289737877335,-0.3241528568906739,-0.38354190885517103,0.3582117561006902,0.24353522136567238,0.5951477083861121,0.36219331733426235,0.5475563802282781,-0.004478175096935326,0.4244677727959705,0.5508745442516777,0.20433353849376387,-0.0650499318995217,-0.1776865443827825,0.2525915215995049,0.29051851346049806,0.2761120302103483,0.2568443165582047,0.5939801176879631,0.2386739485954628,0.39932711779289115,0.545172762386265,0.5949501102890579,0.2192699339349312,0.5823617060043095,0.8044153749479415,0.1991112918065753,0.23979020224398914,0.502552320161352,0.29399886524540947,0.47286168456067,-0.8246812693732619,-0.7880018753238037,-0.8173698748738005,-0.5988207932129352,0.8135164230187273,0.5995773670645463,0.22404883063768674,0.006740517375540194,0.06542580354820973,0.004128544187040843,0.10091249773663662,-0.017874749005083446,0.18829221948987718,0.028905744250205815,0.29926510892219044,0.32027384606968906,0.5949917173434961,0.2312970933651638,0.19749316205588832,0.23442378712475387
brwmny,-0.05041339767611478,-0.07476484173262425,-0.09001981289149391,0.09302347689434183,0.106748835002647,0.11300464642631795,0.09293614395641271,0.16272153831612704,-0.18387764116104957,-0.08702671622081255,-0.09040982878250749,1.0,0.06947752698712333,-0.055017437166445284,-0.024338641122236587,-0.028999297754064356,0.12442640210749058,0.03966241723861463,0.026673087536131835,-0.004562242200703752,-0.11773782882106411,-0.0727997501133337,0.002834074876544617,-0.03209194029774032,-0.015419267134582842,-0.08625988774307405,-0.05356852605627865,0.07327062148579944,0.02594230171550536,0.11077733640855587,-0.10431457814023827,-0.006413361402475924,0.005724371317325605,-0.11770644331085663,0.13797123329504582,-0.14252551408727707,-0.046164756092007646,-0.03505567876547185,0.13261050423799375,-0.178719703561053,0.06656752580053049,0.23344969144444447,-0.07726494306336783,0.025852382169339876,0.03037049486260628,-0.11379597729441605,0.15697829235098162,0.09960657974403346,-0.14245277808401938,0.06381542087430306,-0.03567730345673132,-0.04670928342681084,-0.14111934544053878,0.010214799778051759,0.026176578633571878,-0.1171154838095994,-0.05455024249327414,-0.18007427004089557,-0.13767168377024147,-0.09427895440367713,-0.07533027779712625,0.1403028897800775,0.18279331724827252,0.12418767249487962,0.14217784700396366,-0.0976094986471069,-0.018043734550481916,0.11881203248181246,0.2886479530112915,0.2914217006486315,0.29017106783644747,-0.20780064967076212,-0.11149332355806735,-0.17547983140593276,-0.057143987449750806,0.11426024297998573,0.11584201427437783,-0.1441070336201217,0.119957716430548,0.13497006545312543,0.15831583000375546
chldhhe,0.11667672445319893,-0.05537900699236381,0.019698054185822517,-0.1944225407551188,-0.11464382670091997,-0.09350274028515068,-0.15243217658841737,0.8693795517543388,-0.07777334581832651,-0.5758698002603067,-0.6481558219321716,0.06947752698712333,1.0,-0.9720067745099414,-0.08041615369449123,0.010933501243538082,0.7382369698372274,0.3605112289895959,0.039923456886938276,-0.01734675622891929,-0.572642309026819,-0.06820356028666186,0.029983951115995257,-0.0037781914739946675,-0.055494537389732985,-0.1319798566857962,-0.007834812730888801,-0.18948192083631593,0.17921250166184316,0.5787200541781427,-0.03939013731544922,0.27658141412313564,0.320063603531056,-0.5341737012685209,-0.15395629869425545,-0.7952359860579784,-0.23712232873448913,-0.43322470518920714,-0.018245505392213944,-0.30794535749883606,-0.4807041375115019,-0.11744482998808609,0.3898760550537616,0.3394294937019105,-0.02190097215179498,-0.5615696534916931,-0.20305369503499332,-0.18956575474521675,-0.7841731533747257,-0.17308112650141771,-0.29935996560653005,-0.4592091696933231,-0.7844223019669849,-0.06790959061918399,-0.5352855230297309,-0.5850275525205398,-0.2519525549662675,-0.22661028799562227,-0.6405262637826498,-0.18331107993453247,-0.4012652970209822,0.7395172360483906,0.7139372291589682,0.7359658158950748,0.7995146698746212,-0.7635357018403811,-0.5112123468810649,-0.15434325226111925,-0.1281360345513302,-0.13810654654365903,-0.1016593402772602,-0.0678580494441333,0.08223172213816551,-0.12190821996015506,0.011641587922538102,-0.21810491582269934,-0.2282087803200272,-0.7946209577751365,-0.16768661151645384,-0.1051381689172485,-0.15915351538627218
chldhm,-0.023532398784157596,0.008695678400421316,0.03563751505256368,0.18918669937548918,0.10628737176142945,0.0905757527083804,0.1519845830704557,-0.8295422181318536,0.07053686350611375,0.4149365210683241,0.6041340013477209,-0.055017437166445284,-0.9720067745099414,1.0,0.1044638480109309,-0.017498351245193854,-0.7275662311386107,-0.24320854873474185,-0.04458872897279262,0.06388673429127488,0.6804418338030476,0.06451872417454187,-0.040238915065476916,-0.014130037903460697,-0.023088377977803803,0.11446237640831348,-0.027721818121240683,0.3555755822711011,-0.1555060583595697,-0.5513982501159221,0.08334807554662449,-0.1934697494743967,-0.21991428580751482,0.5829197552947625,0.23020576764162032,0.8288444819417182,0.18016619235559422,0.33280227227924497,0.0963557425664619,0.3635436033753098,0.48782975056465977,0.1898630990135749,-0.409038458147568,-0.36152584001413,0.008058301729113097,0.672016656790285,0.2660503529641284,0.2825425545071974,0.8220371088005799,0.27185645125655333,0.22044007141744362,0.3361398441931129,0.822491023474692,0.048211456321008435,0.6002699089034431,0.5284305644009102,0.28842429184898394,0.2978082070190759,0.6748462740919122,0.1457554185089542,0.32660583191416104,-0.7154433836085438,-0.6625547908010444,-0.7247766246818496,-0.8315529538536375,0.6666893058330843,0.38455974054189007,0.24102175578017473,0.14664890306817635,0.16003415354306863,0.1168564630067771,0.08800242531934854,-0.10789393682583526,0.12322224110494577,-0.04454101607328685,0.28963661211489217,0.2945535195198999,0.828207492643699,0.25482627743127234,0.15603649744444728,0.22981729216599178
cmsrv,0.07580200375389062,-0.021605032096527033,0.06040677600409535,-0.020427558399965094,-0.034200541719575435,-0.027271253987731493,-0.019933165209366242,-0.06506422880936062,-0.07392745605541427,-0.0678625523324847,0.045328671533894506,-0.024338641122236587,-0.08041615369449123,0.1044638480109309,1.0,-0.012664547795573971,-0.10505903481230207,0.014870359190449316,-0.027741928595104548,-0.005155357706830794,0.12251330531209874,0.006011719135782284,0.009828000784957543,-0.01690316328154423,-0.044589197299803054,0.005504384849027975,-0.0245676931761453,0.08855754500317228,0.055377911887201266,-0.06939771303731011,0.05412541058380083,0.051286707221336936,0.06315346028734203,0.0865762645124825,-0.011850243174260772,0.10953498036535424,-0.04737287413464039,-0.06821190542435226,-0.017606544923830295,0.04404187921380626,0.018792709734505832,0.025450561129335015,-0.027515758012312413,-0.03469669646154587,-0.005508930394429872,0.11243121954639226,-0.019335097041487725,0.010522591507002056,0.11097236352561173,0.015098376777437701,-0.05456261635628405,-0.08313473642359759,0.1112702886588821,0.011775504067734059,0.09890199812960791,0.06391840267520203,0.03433258899914717,0.062221721602249376,0.09059395808404597,-0.0314676216272912,-0.039528158189213215,-0.10216591473172823,-0.1072307353053272,-0.10362413871652577,-0.11012384349410226,0.020105456755912847,-0.020605048272594222,0.007538195964865519,0.015529018559387462,0.00862114835038555,0.011624713924030748,0.03477022214931657,-0.020895751179729725,0.01917839710577236,-0.025961702174913857,0.006377815845440542,-0.0006560456404879155,0.10811578995054166,0.003274361037267964,-0.010933763408775683,-0.01839872236852645
cmsrvp,-0.005377654796215225,-0.03326697920958671,-0.02262294549943575,-0.03764907495771901,-0.03760135061942384,-0.03219448725902763,-0.034319662746087415,0.018778082628481723,0.020198655970285476,-0.016492021695134394,-0.03428575853701976,-0.028999297754064356,0.010933501243538082,-0.017498351245193854,-0.012664547795573971,1.0,0.009966606960907332,-0.06737968366101181,-0.02295792005177681,-0.03842348920177238,-0.06916079597278602,0.025922884701977605,0.003041815643930564,-0.0140372672428048,-0.004799500139825972,-0.013111137095257597,0.016870406491846086,0.01252028349902115,0.04416861569750432,-0.01585362966401702,0.006700987927473346,-0.01087931490403884,-0.009520860210079597,-0.019964240043954022,-0.033294103821523334,-0.030401501964627722,-0.0421409636254949,-0.02685677644162846,-0.037489928020939735,-0.03401336353778498,-0.03291928658164506,-0.05176368469955225,0.04564911226189138,0.06596564939580161,-0.04215770477693384,-0.0734006796918435,-0.04164764721352163,-0.03681737974478982,-0.029447771403613116,-0.02756404211068535,-0.015433387820672011,-0.01894054272437564,-0.030374700100572565,-0.05351591876341738,-0.021513628818183812,-0.023557838092579463,-0.10790937064742873,0.0026884612730705176,-0.027328759425526056,-0.04958807838306983,-0.024351163119526644,0.011735552850288374,0.0008475209733025793,0.01145714773539519,0.027183629496304623,-0.011414672560635863,0.03227990574612796,-0.029398284454429324,-0.0012153418657567202,-0.012382574367531323,-0.0015616786673588116,-0.00898877330519932,0.02223289686314194,0.010826164137308473,0.011828146948891437,-0.04272345207705113,-0.043332260187951256,-0.030850625309174828,-0.030777150177402523,-0.025921282849077056,-0.03813334810219484
crpdwk,0.002880546520435113,0.009466526229113167,-0.05131043197104433,-0.24741689220180577,-0.158876608104299,-0.13851152624539223,-0.20902318848853416,0.5508445484471239,-0.1704898442947212,-0.5337395783108955,-0.8131736788233309,0.12442640210749058,0.7382369698372274,-0.7275662311386107,-0.10505903481230207,0.009966606960907332,1.0,0.4277857089978083,0.007568172627074677,0.007748394746731982,-0.4660086704279075,-0.14030493827924626,0.03073735166595841,0.009873734312741064,-0.18393533015064803,-0.23477852196132257,0.010487409709854982,-0.31618504879027143,0.17235143580349327,0.6441636463086216,-0.10678656379624657,0.23767153835944807,0.2833306073623425,-0.4866009562994761,-0.3149145690447503,-0.7298575431342194,-0.2695917393606135,-0.45482168854897587,-0.130694543651934,-0.4951670110877137,-0.6339932525558757,-0.2897175450580079,0.02804433974949916,0.23729332212710103,-0.1476009846759234,-0.45261815742420425,-0.3615487717539617,-0.3713554134195089,-0.730317886455435,-0.34911210125910147,-0.30637715711229363,-0.44057420271959497,-0.7290234062928505,-0.16252740896154397,-0.6978375378975901,-0.8289599920967351,-0.22963101784381856,-0.3112047775479014,-0.5888241087774311,-0.22869543803093903,-0.4252024331412519,0.9953080936247537,0.9309038731770234,0.999790743388139,0.7363005268687122,-0.8373664027263786,-0.5600005131997473,-0.3255255858774953,-0.08092943297582637,-0.11623795003953849,-0.05574246035895048,-0.23032834390442689,0.04753803839240615,-0.25761271804442065,0.01217400167987702,-0.3830915665534054,-0.40050006710429004,-0.7293601130272896,-0.33747400497506436,-0.2006814383164305,-0.31979885074184183
crpdwkp,0.37418981354940567,-0.009307552857786804,0.28247779125719347,-0.05582602983689997,-0.024882939247864486,-0.0021077931899607973,-0.0194878174052474,0.16120056435492663,0.10648572180372365,-0.6392095968550427,-0.4687224613471993,0.03966241723861463,0.3605112289895959,-0.24320854873474185,0.014870359190449316,-0.06737968366101181,0.4277857089978083,1.0,-0.012675870893276405,0.06984697679759076,0.3110772803913915,-0.02408974863535105,-0.10718821994940267,-0.0306953697210481,-0.26510876154224383,-0.028527317821273088,-0.2648412951547764,0.28625137746970014,-0.21697382081047983,0.3328564620548698,0.06395115511757019,0.27780495054969306,0.33914882524220347,-0.21634781791439506,0.08498611693790377,-0.31620343964618947,-0.22752525028527448,-0.4247983691282319,0.12650835028556104,-0.005381370976051276,-0.23682650591002333,0.08825066833163066,0.01871571374803062,-0.29525493091165134,-0.09724211517645559,0.3386812653565315,0.05856067827033888,0.10608147536072787,-0.326205070293015,0.1399058417407972,-0.3058781628681317,-0.46842575441319123,-0.32532790342550705,-0.10242131471379562,-0.12193673506307941,-0.5198469425148596,0.09016254642593322,0.1105692546857267,-0.3009070644045065,-0.16001452772249272,-0.3515893325872207,0.4591331905783438,0.5135394447829431,0.4307902850531454,0.33710468057739496,-0.6393480281568266,-0.9305115788186309,0.11270885014118734,-0.0845144702975714,-0.09876114849358414,-0.0792695576349386,0.05340288192260628,-0.3379949239434143,0.00658448617789496,-0.2719304002422018,0.05316961943118239,0.03580343398565444,-0.3190790228942487,0.11383660815612903,0.07279380055397504,0.08619975561090724
dngdkp,-0.08046818491385453,-0.05035786768252233,-0.09311398737691472,-0.027037513780940898,0.02222720492257346,0.01802605141254976,0.013935737452642647,0.04572168042164305,-0.04167484862857807,0.01213449125430986,0.0487125157974413,0.026673087536131835,0.039923456886938276,-0.04458872897279262,-0.027741928595104548,-0.02295792005177681,0.007568172627074677,-0.012675870893276405,1.0,-0.034008441890376884,-0.06455506717696209,-0.017099118020832058,-0.01781777265576415,-0.02301690021441408,-0.004787951313934987,-0.011380857817491456,-0.0119948183043328,-0.03191370454879076,0.004808240026073284,0.11761951823787568,-0.005439386560033669,-0.012134803028223397,-0.01460396068964595,-0.04193137709871438,0.006331789466980423,-0.04181235568094554,0.05563385713397666,0.04625359666632531,0.03130302492591918,0.017391014839614412,0.06460893109666067,0.02861175416165499,0.04588033673055508,0.009698280874299024,0.04195299463965297,-0.06544355231044537,0.025682281233660193,0.012355614056821482,-0.04148356372633282,0.0012853530094408298,0.020590639484517753,0.012731362560154176,-0.04221468788565964,0.009429531490249736,0.017851565581713906,0.06400202000573312,-0.07101371224579667,-0.05344827380492309,-0.05048462937049998,0.030040269061824297,0.011505538782945026,0.00449589014573081,0.005081989713727855,0.005599582838430713,0.04160676127050191,0.0016715881323474183,0.02581586039857223,0.005650335457968136,-0.024639652927214695,0.012450908528052706,-0.015125610185894865,-0.007987519262058441,-0.004376195154567119,-0.008797738277469347,-0.015176834007789146,0.011409723948380324,0.012728791036055266,-0.041947592768914924,0.011338750913314554,0.007689064092784534,0.027986456451208182
dngnap,-0.00723411175648922,-0.057963412853120976,-0.02782038286951455,-0.06259142391012415,-0.04211211406729008,-0.06600488122854943,-0.06693229412923611,0.044774957944128876,-0.047502784836831576,-0.02301155506836102,-0.0037732109069218496,-0.004562242200703752,-0.01734675622891929,0.06388673429127488,-0.005155357706830794,-0.03842348920177238,0.007748394746731982,0.06984697679759076,-0.034008441890376884,1.0,0.07824343945334793,-0.032902061636063656,-0.04540487651474973,-0.027456282056982233,-0.04816658850517166,-0.03298216059622443,-0.04931041744643905,0.003757336713337945,-0.06634982460946218,0.030673381221677655,0.015581280237323279,0.04381375462414174,0.03442356535224536,0.1584213144907149,-0.04355413197605004,0.08343235460168678,-0.04716260774369124,-0.053436299670391776,-0.01867173346897827,0.017118937324896086,-0.029763846933586906,-0.02965347968374,-0.055582939499597174,-0.03825724157836263,0.13454977594305595,0.11638617663292598,-0.06865301750710073,-0.03816866749742589,0.08526355395198301,-0.03993637125900439,-0.06062627210028551,-0.05076035096588911,0.09005096192047922,0.08307344710138591,0.0011839330996319772,0.06467800610515502,0.2711985709031724,-0.009633799844141913,0.12122572072718767,-0.04771866635129901,-0.06207757350561969,0.005551644446592299,-0.009805458244543626,0.0044113392050269965,-0.07088374114401351,-0.015127609444558168,-0.04413207925131981,-0.0563170098853428,-0.046375996804607966,-0.02730202974089604,-0.03897922877731481,-0.003138919553991951,-0.027394589857876513,-0.011461014541951671,-0.03821247472808331,-0.0475921109612334,-0.057376221888141586,0.08353565298963712,-0.0552411625269495,-0.038796666512462274,-0.06816433631356099
dngnapp,0.2847807986402184,-0.01329067354485931,0.2772625190868896,0.16110682016437625,0.06844095759499072,0.07827413205439075,0.1316399813037873,-0.6617972626280305,0.13513122811400013,-0.05681661099858701,0.2986577921860763,-0.11773782882106411,-0.572642309026819,0.6804418338030476,0.12251330531209874,-0.06916079597278602,-0.4660086704279075,0.3110772803913915,-0.06455506717696209,0.07824343945334793,1.0,0.05374578357040025,-0.10313720398519288,-0.030201794643030976,-0.17685229391780405,0.0720603077462515,-0.15242309596286582,0.5775334512203592,-0.2804061813916147,-0.374817584649661,0.15825906162843983,0.003300395003652667,0.015120751171012723,0.5569506332772365,0.27160149510600756,0.8006773603677139,0.013456070383505433,0.0060188086178288155,0.16032492417663158,0.47903628683855426,0.34863255592667614,0.22996019413953295,-0.341370648033076,-0.2926948201731742,-0.0847705905337126,0.9940142068231377,0.2859531241156355,0.351861855587119,0.7916088260762523,0.36665208624643597,0.0033041153089941253,-0.009654672852895155,0.7917308304881552,-0.016537603870580196,0.5415837749143124,0.1720865743695824,0.4067637557273117,0.41500147991862163,0.613096833497063,0.027862850289680108,0.05524415147896439,-0.4336098040581834,-0.3480779319388732,-0.4602244476151362,-0.7889194652483191,0.2323505335258577,-0.21942403135328234,0.3111645940471025,0.01960147327917172,0.019536808367351628,-0.00665192175309089,0.16914030481526482,-0.18549175662423165,0.14111432834900303,-0.14784795997516229,0.31509166759380597,0.30653309459840666,0.7987220982571347,0.31634253038363047,0.18696316050913256,0.26354030685865965
dngoth,0.056922729503930604,0.07304658011142048,0.08713475190796025,0.0021806665799723557,-0.02619140456925411,-0.007985709649035722,-0.0017363988837497905,-0.05605283025202529,0.01644730938048117,0.011653320076577036,0.06558868532295432,-0.0727997501133337,-0.06820356028666186,0.06451872417454187,0.006011719135782284,0.025922884701977605,-0.14030493827924626,-0.02408974863535105,-0.017099118020832058,-0.032902061636063656,0.05374578357040025,1.0,0.11043004526123756,-0.017304378883182155,-0.00716437233265869,0.0760362099625602,-0.0017033594422221766,0.0636514305882572,0.024351408875935836,-0.03212363065888545,-0.020119261535729672,0.034507503091295647,0.027729472531698714,0.05098220222276361,0.05636967434069041,0.06651597767493446,-0.03506388990174487,0.015789850926846313,-0.0037160063718840453,0.08261289124757352,0.0644222757283522,0.019023288380217253,0.06953373189848432,0.0006576785691866448,-0.15874431109524925,0.049604808088879064,0.052014431148645256,0.06274499937046868,0.07095741458077194,0.06439316761578961,-0.04357562155773584,-0.0016057443360534063,0.06947030295889521,-0.2296113914156658,0.1012173369738849,0.1387682582935879,-0.07757542917934034,0.06192771313864363,0.05883498660965991,-0.012744246976448213,0.03772433153955968,-0.1338546633517231,-0.1222428447492785,-0.13943784052621724,-0.06703610752261792,0.058349958909838,0.02917180261749923,0.054460281307749756,-0.10213489667500027,-0.09898569280569221,-0.11421995003877132,0.12621955043833294,-0.005360881310795903,0.09432717409988411,0.0026351613266689796,0.051583338952133934,0.05646321697594567,0.06600539663848583,0.050631388135010266,0.0759931455198329,0.0520919203680327
dngothp,-0.0766131683698227,0.012795372247284512,-0.06360991393953574,-0.03815202439879185,-0.04546064903905871,-0.03294397763578361,-0.04629310864752092,0.036200896174046135,-0.03345143108475379,0.026613084262503348,-0.02801153568569502,0.002834074876544617,0.029983951115995257,-0.040238915065476916,0.009828000784957543,0.003041815643930564,0.03073735166595841,-0.10718821994940267,-0.01781777265576415,-0.04540487651474973,-0.10313720398519288,0.11043004526123756,1.0,-0.009092631566064324,-0.00020919891211574246,-0.0016130592100564603,0.05014654811583123,-0.05392335575414394,0.056027558275138986,0.02377163077560648,-0.05120305536590059,-0.007912798611776002,-0.008735244551954426,-0.027014112347752996,-0.031852573652373595,-0.0373586555940542,-0.029014449051744017,-0.007439414188097979,-0.04075580324100663,-0.05661995474096764,-0.04028010825144402,-0.05364418653946894,0.026623106225951456,0.0685060102911439,-0.07645234030496384,-0.1065178188545526,-0.04069049067763314,-0.042599646913058134,-0.0351684251971637,-0.04919533392242221,-0.011723705683311367,0.0032288703184637324,-0.03472800410947802,-0.0829667639886991,-0.05452647218207366,-0.015110127771985763,-0.20414675445677485,-0.05404284515011645,-0.02045843908095889,-0.030888155295552448,-0.008908766102209056,0.02605225864273087,0.013937039564573275,0.030019552333294904,0.03386531754774705,0.0035017603642341828,0.057245870478659575,-0.047289566820582885,-0.035259067673998126,-0.041656689566146626,-0.03478561598030811,0.00995358401383016,0.040876197840947905,-0.002573192301193008,0.02162137405025795,-0.03574167895612586,-0.034726845987879285,-0.039014574202324646,-0.04854594851960582,0.0011106562783105508,-0.0347860990421347
