,dweight,pspwght,pweight,anweight,stfgov,trstlgl,trstplt,trstprt,hhmmb,gndr,agea,atncrse,brwmny,chldhhe,chldhm,cmsrv,cmsrvp,crpdwk,crpdwkp,dngdk,dngdkp,dngna,dngnap,dngnapp,dngoth,dngothp,dngref,dngrefp,domicil,dsbld,dsbldp,edctn,edctnp,eduyrs,emplno,emplnof,emplnom,emplnop,emplrel,emprelp,emprf14,emprm14,estsz,hincfel,hincsrca,hinctnta,hswrk,hswrkp,icomdng,icomdnp,iorgact,iscoco,iscocop,jbspv,jbspvf,jbspvm,jbspvp,mainact,mbtru,mnactic,mnactp,njbspv,njbspvp,occf14b,occm14b,pdjobev,pdjobyr,pdwrk,pdwrkp,rtrd,rtrdp,tporgwk,uemp12m,uemp3m,uemp5yr,uempla,uemplap,uempli,uemplip,wkhct,wkhtot,wkhtotp,wrkac6m,wrkctra,wkdcorga
dweight,1.0,0.9595656196402095,0.022982430540377637,0.9274764446965768,-0.06067033986406589,-0.11381921238956377,-0.014104863301125406,-0.01316269070009593,0.45630648262711593,-0.2420567536741098,-0.26165380943072786,-0.3072549492235793,0.1809728074362825,0.6434803518759413,-0.6077491335382381,0.026158747322981967,0.0440712256096113,0.4282884864217803,-0.22496491476671868,-0.04900481500933345,0.031542353169708354,-0.057013086456191416,-0.09499980388802003,-0.7334732559361459,-0.02401780462690062,0.11849767178072468,-0.015676466317922806,0.031926299147191396,0.04189107624566683,-0.3179153208737624,0.14210983548854955,0.09216713898934281,0.17927888801586545,0.11518207066553572,-0.13537149266174084,-0.08427088628575259,-0.024599039194018787,-0.5071809522118926,0.07913304477953235,-0.6881288255912901,-0.11289698524784408,-0.19162622222365736,-0.0015720234228690268,-0.2511663919131058,-0.23442244601678958,0.06235624183208928,0.17999447293844958,0.4359340344452901,-0.09883009282904491,-0.7352056623593048,0.05937281436057153,0.0165675840490894,-0.6763552200306897,0.006903461603727972,-0.09283475283460986,-0.19934005187653417,-0.6765836746817129,-0.12318619552713153,-0.10931726087718144,-0.3137285951634407,-0.4088658148412354,-0.1635995996738235,-0.6004450630160726,-0.13679782279974254,-0.21692960652354928,0.4497306130820552,0.47514366732883034,0.43088598342369877,0.686259118944798,-0.48795432105277026,0.10414085508130863,0.04300519984420471,0.1158838939762949,0.04362486678151391,0.10654875144954513,-0.12291687168745279,0.16933509807614425,-0.12823936187175455,0.11350587594984986,0.019174938583048053,0.02085151115839055,-0.6864505482663532,0.028452596451244056,0.01935845638669075,0.06992500240074016
pspwght,0.9595656196402095,1.0,0.006506135045032448,0.9654160131522109,-0.03361168890005848,-0.10151972716198258,0.01298720808915551,0.015888516449004103,0.3915298132795457,-0.28307476603237003,-0.3040112066883707,-0.3346645946708735,0.1470692641630785,0.5846877884715775,-0.5457227094096605,-0.0010684436918216261,0.019511198100525488,0.41105431469193515,-0.11403317213334735,-0.05862512989118934,0.03273850946527445,-0.0833711634689909,-0.10573250374898846,-0.5833573197574932,-0.027107054279675382,0.08632326042502253,-0.01958946681666084,0.017631993079828042,-0.07772130206273084,-0.2843327453081868,0.1001920157105927,0.21456251481028876,0.16819779630005272,0.10441365621964255,-0.11953824258880423,-0.1180181273728602,-0.057789364503336514,-0.4308500322624436,0.13397061544594918,-0.5877989528253519,-0.06688586611548024,-0.19628852309449635,0.036228126873368884,-0.17533061321635174,-0.20495306641166008,0.10092693812547344,0.13332862086712308,0.3699284993116412,-0.06874310388896172,-0.5879401495526082,0.11629161286782301,0.07992630549183616,-0.5749980802724172,0.07208733039779679,-0.046788588660203516,-0.21354570277198384,-0.5757234078089477,-0.10225003205774587,-0.04887529950950724,-0.34886886431999486,-0.3398515139878473,-0.11735679186503487,-0.5065508651724039,-0.09051360410516353,-0.22951208992354494,0.4420463994950091,0.4927831281923304,0.41630298191856946,0.5863629655711495,-0.524869699644646,-0.016958183654118244,0.10411769345986159,0.05306549919709876,-0.014897931324311707,0.041192810512817916,-0.05342467731811762,0.15417607219337742,-0.09030433755699506,0.09487579777268886,0.0708312583431357,0.07626116138008834,-0.5858030126719634,0.08812851420872954,0.06726534810801829,0.1253713829467888
pweight,0.022982430540377637,0.006506135045032448,1.0,0.26223205902592145,-0.12618343396840365,-0.07464738401019322,-0.11618893745879506,-0.11247457370278559,-0.11150482575265373,-0.05307157163330953,-0.024946303046240896,-0.048124817614883596,-0.03613389989767545,-0.05625277128434447,-0.005511422842136332,0.01554875667773794,-0.01089818300320104,-0.011538592670852539,0.005239200915953805,-0.0571452371543734,-0.05780420897807498,-0.07644297590090036,-0.07034048803125574,0.0349347759059376,0.010669136618249803,0.004514361788668456,-0.041750704633017666,-0.04810980534407524,-0.04799991585310194,-0.01883743663106152,-0.047783219352396385,-0.010345072824465094,-0.02543084512063944,0.01260746693908799,-0.023109636022111343,-0.040774974121132825,-0.05991186497898743,-0.00873123592953236,-0.04770561877230459,0.027504603992742106,-0.08414806520912596,-0.14450005989910145,-0.0338159177280806,-0.12414962162891624,-0.0689463300622938,-0.12769273355560604,0.05736207489770839,0.01057167968951065,-0.1451023019823668,0.02375132420163531,-0.06583302874071731,-0.023517244781990423,0.015655692549666405,-0.06137515331368508,-0.041525144251368475,-0.06917015988674027,0.013642019158840548,-0.12960197609265717,-0.035248349475430395,-0.03986339700036973,-0.06027329915867973,-0.0452844758616961,0.00168972424536776,-0.10736647792572732,-0.13847933220067893,-0.014954828062871168,-0.033664472572648645,-0.005718574690008829,-0.028707256450313433,0.05906421029005892,0.032859746747496886,-0.057493201939887384,-0.05138121072215609,-0.08630396561071836,-0.04967247666778569,9.901735597246401e-05,-0.06214987805656399,-0.01474207857863832,-0.037984144628515557,-0.0692670099777685,-0.06939906410061687,0.024277470567920335,-0.05852307958474077,-0.05384315823826283,-0.06724497413025357
anweight,0.9274764446965768,0.9654160131522109,0.26223205902592145,1.0,-0.06326447767951977,-0.11631904294328922,-0.015189307409863663,-0.011060417418795817,0.34690298567872935,-0.28659190928909184,-0.30623990061928,-0.33982552995835424,0.12645552696254325,0.551755123494792,-0.5305142395584189,0.0039164560957331155,0.017085589222426936,0.3967996809312276,-0.10107171483090502,-0.07092748977847348,0.018091185477054406,-0.10288070297053001,-0.12276876538353743,-0.5485722712575034,-0.0224645387876051,0.08453060374886419,-0.03247649630655898,0.004759123014415026,-0.09159529977285051,-0.2789613250147139,0.08090873486981476,0.2124352751011406,0.15755874610514922,0.09794464392912827,-0.12359756110497587,-0.1259196567612734,-0.07359576589274688,-0.41386710381955366,0.12589355490408932,-0.5588714284053148,-0.08359903892127606,-0.23182522305330092,0.029221600866236895,-0.19899819411718306,-0.21902318771412016,0.05779606712028127,0.14743180967706432,0.3606755003274315,-0.10557949065006973,-0.5561086679987495,0.1039548435697887,0.07897004544533667,-0.5492210139038912,0.06237000348383065,-0.052774499145061146,-0.22928756080550786,-0.5502674380095628,-0.13538591395998448,-0.0521483277142478,-0.35214012027418046,-0.3450157261767935,-0.12044929126308217,-0.4858936236871407,-0.11370044384720626,-0.2628701731517705,0.4268374402324886,0.47449737888664834,0.4036479969523114,0.5571861896773251,-0.498943398238548,-0.017470214811712934,0.0920858654812222,0.03842912993926333,-0.03754481395079846,0.02727847146296139,-0.05234746496934962,0.13118613572735544,-0.08696334874641656,0.08329305551497898,0.05823216189181472,0.06360077735568956,-0.5577365983040077,0.07856422873592614,0.059136868669445314,0.11218150847675565
stfgov,-0.06067033986406589,-0.03361168890005848,-0.12618343396840365,-0.06326447767951977,1.0,0.5015075176402857,0.5945007210470562,0.6066573269962258,0.003089844256361961,0.11112084540408075,0.06455684226007126,0.13950252546999914,0.09704417386145867,-0.08745042681172512,0.10863692994692171,-0.05916886496412197,-0.06714516680595325,-0.18083741572291454,0.06562286587192978,0.05994878818946262,-0.03414964962007326,0.024501783441944956,0.02364190834786263,0.11974105727388203,-0.007459685251513641,-0.04231199925713112,0.04164705139647931,-0.023272403942541247,-0.0673795905458432,0.05824271659703013,-0.066551776250583,0.2039690592500163,-0.05958505391760743,-0.003064656531378309,0.02289865011025444,-0.01922740454086124,-0.03075758152160547,0.04991969780434269,0.26044441598301477,0.09749957198903791,0.12025593586815868,0.11716232065990341,0.1749703298401951,0.11650705170966233,0.1688184601711393,0.26467580092414267,0.009925089005841254,-0.11565596660139994,0.053422948379399676,0.12330775799468295,0.298294649284856,0.26044685732186246,0.1026871331390172,0.2795692224023151,0.10322571652160975,0.07966372715597667,0.10144597323696125,0.06487172647581198,0.21378218658278977,0.12557123500591233,0.10400485780577674,0.196438951131348,0.07805889424666675,0.1343642506892001,0.09249891849601663,-0.1612906389584164,-0.05971616301395116,-0.18261274522052734,-0.09478163216825738,0.08769675769365012,-0.026543110824945128,0.26053734335136586,0.004185003965274177,0.044945417114664724,0.0013256117827465967,0.05847071995048022,-0.0471444562255969,0.04877526178515688,-0.03363752682766592,0.27884068045092975,0.2808539779221933,0.10152043614752058,0.26547050736079386,0.21926528681995347,0.2942073592351865
trstlgl,-0.11381921238956377,-0.10151972716198258,-0.07464738401019322,-0.11631904294328922,0.5015075176402857,1.0,0.5929943022624423,0.58902434134241,-0.01617380030870195,0.14594083329725763,0.09849916610037075,0.16983136702774831,0.06640676301741173,-0.13887461823388592,0.1508152177499639,-0.04175217178908797,-0.056153195241991485,-0.21432398991429077,-0.0010680137196883964,0.08767005691197507,-0.023289815591616372,0.00924117440064139,0.05855922053818921,0.11221140354210163,-0.010286255086706166,-0.020191459047570446,-0.004664786822525319,-0.022867964137600123,-0.050529775757021236,0.05363624853483754,-0.052887713214129224,0.10428131287099095,-0.051870626467350696,-0.01870234561815966,0.060115572875060176,-2.0602923217060855e-05,-0.018760129061268352,0.08707912100313907,0.13315034704563908,0.1298161900397638,0.08394247320966781,0.11494892337437698,0.13158563158189152,0.05048197474181991,0.14740990724702302,0.17862566544491348,0.0016177857212871481,-0.0929107600948029,0.023395892256377282,0.11761896881532313,0.1735972515060521,0.14764749936162577,0.13170322845477375,0.15959563533576596,0.07596618633875514,0.11375350099558675,0.13069131861851555,0.0442268960499041,0.14410657775471222,0.15922503537888946,0.09100029595396156,0.1375984871793184,0.10837268526355906,0.10105007462815323,0.1089094640420838,-0.20740102951390307,-0.15213123835810985,-0.21518043965461578,-0.1285491260545776,0.193661978271115,0.052758052238728155,0.1437082767137952,0.059234314817826046,0.08224953607904323,0.05946777267637946,0.020361162799803417,-0.04493998639826232,0.016857705050169713,-0.040844834789989994,0.15990363971553065,0.1670685045424492,0.13324539912885655,0.14569981463474824,0.10901978492266905,0.17035817905897144
trstplt,-0.014104863301125406,0.01298720808915551,-0.11618893745879506,-0.015189307409863663,0.5945007210470562,0.5929943022624423,1.0,0.9434536288401246,0.038699902064429775,0.09775044752920647,-0.0003587484871880923,0.08356645358338229,0.06731381354321904,-0.019190333651682812,0.04356865331884429,-0.045924777135201024,-0.056968512935598355,-0.1271650001665598,0.058883494831657515,0.08764796173737892,-0.01616036663409677,-0.023182045384495545,0.03406266262819956,0.06764829059373702,-0.00635765064877876,-0.01875954016823981,0.00286381666869182,-0.020433118478784033,-0.07436339773031965,0.04414385976960524,-0.061600763800871136,0.16939898864753983,-0.030733484181973376,0.024144077001103385,0.022268570054639787,-0.03540308354872832,-0.03266656389805891,0.019970281993056067,0.21221483160288285,0.04354367580846154,0.09900754072659626,0.07863696829588956,0.16003347248716362,0.09797936439129877,0.1281479159305976,0.1835151633215632,0.04796412454024479,-0.0652321762480114,0.01158157394575845,0.07243760209888303,0.2494710167014923,0.21372073909655925,0.047122524240323295,0.22627607400888852,0.07956848152485053,0.05740263214076148,0.04673406755640919,0.02576771876501148,0.16999075579334866,0.07410771294335024,0.06123235501587358,0.14122590934758242,0.028198642221688025,0.10658767523439251,0.0556040165317272,-0.11120104142380577,-0.0262288722108261,-0.1270526990121859,-0.04154370083101961,0.031352741158623604,-0.03923660043387871,0.21775122599780003,-0.021201373930626235,0.003124409892619215,-0.023703055769389896,0.07446273886548177,-0.027551572754159266,0.04075153693560591,-0.027180723557193077,0.2101475736085511,0.2223891106262708,0.047358060815660456,0.21416235557593372,0.17413998247834814,0.23865583675453134
trstprt,-0.01316269070009593,0.015888516449004103,-0.11247457370278559,-0.011060417418795817,0.6066573269962258,0.58902434134241,0.9434536288401246,1.0,0.05373794962641767,0.11270818946832296,0.023347396111574978,0.10443755497503648,0.08093592189357372,-0.028389913894726518,0.05875413492241109,-0.05146146082365436,-0.0599558056584345,-0.13278933045017488,0.057015297807539486,0.08424235176047778,-0.01625812128231451,-0.0023395840577025958,0.05772950405701832,0.0640151329024529,-0.001686290133930046,-0.024318256626500015,-0.006834564205291844,-0.02285580577469311,-0.0677768495749321,0.04084928312154477,-0.05865207734998824,0.16932556791350842,-0.032353771081336864,0.024229932832475192,0.019388157693890372,-0.04162420887017408,-0.03751767721288544,0.015676308699917957,0.2124937732842397,0.04274773301774882,0.11553553010984238,0.09537397318228119,0.15573885803892007,0.10574942472468897,0.13976447767647354,0.19649363545363424,0.04657370761896966,-0.07747183807663637,0.014958889539459608,0.06920281560901734,0.24978466336209248,0.21574680565377113,0.04589960067016395,0.22823150936692038,0.09610230268346957,0.07542795871649231,0.04557929200139615,0.02804379875370376,0.1795488765337722,0.08558525966521302,0.07257459652261221,0.15052684913468412,0.02521203666479263,0.12447027970760735,0.06783005285983958,-0.11669784237920909,-0.031705728880132907,-0.13342022924929897,-0.040234255169200775,0.043038461393211706,-0.03194784524080702,0.21549738975688995,-0.011365726818919909,0.019544801455424515,-0.013560848252601917,0.06382788602696085,-0.031338864830571876,0.03465608034164231,-0.02085407516608233,0.21452886449109304,0.22531438577820445,0.04678571974539136,0.2132980749223625,0.1783857794187683,0.23882473107152302
hhmmb,0.45630648262711593,0.3915298132795457,-0.11150482575265373,0.34690298567872935,0.003089844256361961,-0.01617380030870195,0.038699902064429775,0.05373794962641767,1.0,0.35984940339689575,0.2635634588164381,0.18360167646566933,0.24792106891993,0.4684250340843605,-0.10113420079502444,-0.016108478006277224,-0.021246611805338798,0.24166290117600345,-0.06373569887407692,0.3048342736114662,-0.009244183223703281,0.7415444952865418,0.7184287553450519,-0.4520928951284643,-0.02881148498840039,0.03533177118306593,0.09100007072667313,0.005972407661768222,0.27482776154134614,-0.17830591673391577,0.04618737304867307,0.015318153585018411,0.05947732705644022,0.5100955364285293,-0.043042014678665634,0.025328731039359717,0.13603686241595275,-0.2191964190942587,0.22590774062633528,-0.3973611313533203,0.12696078155022766,0.054188368005673795,0.12562975560571543,0.1448629292121086,0.26216861157915616,0.17461419199185835,0.2097550437973948,0.23248795577780254,-0.034929964999947084,-0.4266371125607189,0.2127064087402554,0.20043090331405775,-0.38044834011866063,0.17913783516561724,0.06546381627930832,-0.025541150040129516,-0.3751947635684494,-0.05562778630147097,0.2599615501096277,0.31864176233328667,-0.13011291494813196,-0.026058414097524765,-0.32345365791868724,0.10113721946994796,-0.020675778211867685,0.25020055320495466,0.29229336012481666,0.19028170704823033,0.4163460181321001,-0.2812845558695482,0.04398194515609519,0.25116815170816625,0.11923964572696003,0.36845524360397675,0.11492667598378305,-0.09275280413769527,0.07826810719410894,-0.05984565209808502,0.040764274855254926,0.168123728549275,0.17912530802796703,-0.3983136931156804,0.2118366038093289,0.15605059250689332,0.21725158559706245
gndr,-0.2420567536741098,-0.28307476603237003,-0.05307157163330953,-0.28659190928909184,0.11112084540408075,0.14594083329725763,0.09775044752920647,0.11270818946832296,0.35984940339689575,1.0,0.2869037714230472,0.2979082191677913,0.06834283648564439,-0.01620108937194367,0.2328817226178596,-0.030754712780448643,-0.06491254332270961,-0.18776523736133616,0.256166553022443,0.1964690158571034,-0.04064688074256485,0.504696573822121,0.4802750341945844,0.18169090882051867,0.04441451735757527,-0.12563218706988816,0.05506968824639991,-0.03199834151384244,0.1377544779870907,0.06993231898369932,-0.0987668308760885,0.08230815224966566,-0.17275966935962014,0.19630281267214966,0.2527386037516821,0.09090517156576797,0.08481585482648865,0.028667196285583472,0.15235697019697209,0.09900267339564632,0.13799951750386777,0.0728302986906245,0.16470681884981897,0.25798644562074496,0.3257854958744028,0.16352369677843762,0.2954639440210095,-0.3658044574630758,-0.11648637107166332,0.20248016856988488,0.17451842340355833,0.20164166467837777,0.10065955158855439,0.21972067117957528,0.10870829062261017,0.041134587375865124,0.0988938463885779,-0.1164310456965378,0.3103628208703656,0.4692897950739666,0.26765345857988376,0.21699757402958747,0.06159423777518265,0.15400433643549502,0.04640637021367252,-0.1875685378922435,-0.14411740085814495,-0.22080271421958744,-0.08062888734352133,0.12403842869013083,-0.11523871601292697,0.21531971032685637,0.15790263789177855,0.3414347215728097,0.15756285985125687,-0.031149099886265925,-0.08134344117244219,0.032573183719188804,-0.12927790207312542,0.13274501561855181,0.1651546807814593,0.09531194005490334,0.211303381449232,0.043067244393984,0.1780347976076894
agea,-0.26165380943072786,-0.3040112066883707,-0.024946303046240896,-0.30623990061928,0.06455684226007126,0.09849916610037075,-0.0003587484871880923,0.023347396111574978,0.2635634588164381,0.2869037714230472,1.0,0.549958000681952,0.1417937015229057,-0.25434871339533366,0.42264568216412923,-0.047861173183034636,-0.0559988307062226,-0.3058894113398927,-0.12535407563411408,0.23731548198189029,-0.00789647902560563,0.5420198416813166,0.4790218858409767,0.0741488244102652,0.0008500273867110304,-0.034614787492904635,0.40982698796865147,0.1139549430343183,0.19217423680859602,0.08386863060625434,-0.010564045192157161,-0.14061778215889273,-0.10461577075816078,0.3339591597063367,0.024484968431883428,0.10291140620077889,0.14105673396511959,0.1668160320753494,0.11408405187790313,0.2021453966139391,0.17045391211605246,0.36219980694221793,0.0988712564945226,0.18332289559249193,0.45779710698898574,0.2576769213321473,-0.0499120516500507,-0.10290347016324809,0.12336962609965275,0.09548770194372527,0.11884440997815744,0.1468330119689074,0.20155764259177278,0.1105068039955822,0.1010696941767817,0.3003301562308692,0.2042911704928457,0.12497415404801102,0.25094284336337286,0.6417418436397353,0.1530104257299163,0.06038449160387916,0.18619787090804474,0.18128366124840564,0.32073753479649214,-0.3222661177407242,-0.31207878646677034,-0.34617222214401777,-0.1921089560659997,0.42038046711148863,0.2527712515555789,0.14912020334215131,0.12470647488080104,0.3881558676686579,0.1356461143828294,-0.0593985248006448,-0.08181294980314667,-0.010856071792979498,-0.0699911464055783,0.1593651815138886,0.1509402009976165,0.20099746213931244,0.1285482968103097,0.129365334685556,0.11701033192114406
atncrse,-0.3072549492235793,-0.3346645946708735,-0.048124817614883596,-0.33982552995835424,0.13950252546999914,0.16983136702774831,0.08356645358338229,0.10443755497503648,0.18360167646566933,0.2979082191677913,0.549958000681952,1.0,-0.03946369823558905,-0.4026765536672784,0.5151396618858272,-0.06927724709570351,-0.07433373028996573,-0.6552245803621052,-0.2590439817955359,0.21308345878071835,0.08262756889954731,0.47388083722582536,0.41566745554982026,0.1851884096035853,0.040877901015674845,-0.02839854489301507,0.2410612959924403,0.07560816269443982,0.11352754510140248,0.331315610574485,0.1050571923164686,-0.03108585156083901,-0.16239591425659142,0.03257838273251957,0.015807327099604345,0.14203580490173398,0.1740284033946815,0.2729421961411685,0.2460276626882131,0.40093322848582263,0.31643412615925637,0.5037637498343374,0.10488882376300782,0.35624413673975486,0.6101038268358339,0.33813172477418807,-0.006894750860772764,-0.17639710238007922,0.16155915702755166,0.19832184914692202,0.2406646660374256,0.2919394712388144,0.4014657873672133,0.29139561388651003,0.23182952195283021,0.4325124339566018,0.40358778854234617,0.18853892418222068,0.47707330654798225,0.779391213109925,0.25478727984112964,0.32324379238651096,0.39165484483757756,0.3486390089096388,0.47029509711062123,-0.6659469841591811,-0.6158364239163493,-0.6854178077746454,-0.3927056100368412,0.646215109017292,0.39078046247013964,0.27725055039743,0.026145877149884332,0.271975952222486,0.040821766593465994,0.10880482723518319,-0.013943106102629506,0.12310081669946897,-0.0272966665093392,0.287025680140988,0.28647053111085397,0.40135609639463626,0.27797462258161154,0.3035133285170633,0.23120888229173867
brwmny,0.1809728074362825,0.1470692641630785,-0.03613389989767545,0.12645552696254325,0.09704417386145867,0.06640676301741173,0.06731381354321904,0.08093592189357372,0.24792106891993,0.06834283648564439,0.1417937015229057,-0.03946369823558905,1.0,0.08408210785336376,0.006873220560992682,-0.006303041719356988,0.006002477364808011,0.21166376472702025,0.03433816344951689,0.06430077271484547,-0.008506999958397665,0.19878661422614458,0.17162781078848854,-0.24279785122928596,-0.05249610885744247,-0.012896700771842544,0.08978528650462402,0.022882918968850443,0.20967192715897764,-0.31805285554585905,-0.1195619859579405,-0.017097934418241312,-0.008125857593520506,0.24958493372221827,-0.0480681018635796,-0.0312578714436637,-0.000372080911406571,-0.1937858129340388,0.05686175523296403,-0.27259054980672537,-0.08422848885317004,-0.036125179652301186,0.10216330650797159,-0.3251079471386066,0.08990398762864933,0.23398282470525572,-0.04469202748083403,0.03344434499946807,0.026867528767466543,-0.238137135849564,0.0816699357403064,0.025705726898918625,-0.27466372019079466,-0.01279138460715161,-0.05637661789787161,-0.048631630944884936,-0.27599579763408516,0.01745331076190277,-0.0815732725473374,0.013833544966972453,-0.07854796187887458,-0.20275007027818445,-0.27064395663507196,-0.10218125548877988,-0.060778012080880454,0.21830143546941425,0.23242253180972608,0.19613769913608936,0.27786193539659676,-0.05814461672072214,0.04142693832147237,0.059131615187486795,0.35167077609344294,0.37152886668657453,0.3502295263554123,-0.30271767383502823,-0.12547687175055952,-0.22788663489343436,-0.08777895719752081,0.08306240672044787,0.0702877290763965,-0.2728590776868105,0.04077695066916195,0.005269091005195963,0.0884693708523088
chldhhe,0.6434803518759413,0.5846877884715775,-0.05625277128434447,0.551755123494792,-0.08745042681172512,-0.13887461823388592,-0.019190333651682812,-0.028389913894726518,0.4684250340843605,-0.01620108937194367,-0.25434871339533366,-0.4026765536672784,0.08408210785336376,1.0,-0.9060676297474449,0.02985858101554327,0.04607417414949154,0.6454194273196047,0.11665501811283889,-0.007663414895523792,0.020348742237235064,-0.009648289140834663,-0.05654025928339107,-0.6261631929547443,-0.051035490704811524,0.06337452941387108,0.036440706301345195,0.04977034317807298,0.05490846534662744,-0.29941711311436586,0.019626475284310115,-0.16027851710031754,0.16931516438349836,0.21133056910061646,-0.12955721336025627,-0.08780447439527976,-0.016233640392635428,-0.5582095415609124,-0.05756828802062293,-0.7653296617006851,-0.0010934376245999708,-0.2006066327258355,-0.09934064856905758,-0.06737452367871709,-0.3234162289912476,-0.17501611302016823,0.36413614045373305,0.41663389038207915,-0.18153988544346758,-0.61812305226198,-0.07082108805544192,-0.10937617330673162,-0.7539322731536724,-0.11579440308808732,-0.022012340496704894,-0.2542376754071137,-0.7545997539299105,-0.2150952380900779,-0.12227110738418764,-0.3597546039099263,-0.40013729660122854,-0.19742077655459286,-0.6905608279378787,-0.04691620418315859,-0.2590300115384549,0.6465888779706639,0.6289790806736507,0.6396191612626154,0.7680967518152149,-0.7356938345307494,-0.30038115933157933,-0.08207310861761792,-0.029151721787834955,-0.05150129585771216,-0.03932616928924522,-0.11261576471847436,0.1327037119499525,-0.06286092325391793,0.10583009305096489,-0.12612422857094913,-0.11466490416928106,-0.7642103184787054,-0.11094520580476165,-0.1075096823993253,-0.06553573949195579
chldhm,-0.6077491335382381,-0.5457227094096605,-0.005511422842136332,-0.5305142395584189,0.10863692994692171,0.1508152177499639,0.04356865331884429,0.05875413492241109,-0.10113420079502444,0.2328817226178596,0.42264568216412923,0.5151396618858272,0.006873220560992682,-0.9060676297474449,1.0,-0.05631145556663466,-0.07735921886173765,-0.5768838882749122,0.0022816209368484914,0.14985784238793035,-0.038764671809215646,0.38771978041722394,0.4368543935688272,0.6201301976438881,0.034912343454933964,-0.09385435653916778,0.03854216950869432,-0.052205271032832554,0.023297099552928236,0.27006041486751253,-0.07509913970056568,0.22073590471597396,-0.18783804275698035,0.038987418167209485,0.14215631546181373,0.10110600023105223,0.07620536097973765,0.563712509087277,0.17934914409982602,0.7233651871136525,0.08806544699266673,0.23220407241104107,0.18261364418159287,0.2132582641060397,0.5045242632908803,0.2731819758996421,-0.33783747796134006,-0.4455379025171847,0.20198231642828623,0.6260803560449354,0.1897019530933522,0.23268211954965537,0.717107781779484,0.23198509568309658,0.07599316133212822,0.23915091798023635,0.7202731667002923,0.2276035313604908,0.2925038850846312,0.5424262303020165,0.4565358363893846,0.23300721342708017,0.6584152535111061,0.12692955519046364,0.252636738036785,-0.5717353292704318,-0.5249375363921905,-0.596883602337958,-0.7155912043376154,0.6344293021418559,0.20010618637015162,0.22900199392618523,0.0422427840674254,0.20688424618072979,0.04993553483681619,0.11408666926113792,-0.16020770749936664,0.06088087944769186,-0.14168798113281178,0.2231166177012496,0.22043885861820037,0.7207504741953503,0.23627589349779185,0.19504715392384797,0.18492349671887773
cmsrv,0.026158747322981967,-0.0010684436918216261,0.01554875667773794,0.0039164560957331155,-0.05916886496412197,-0.04175217178908797,-0.045924777135201024,-0.05146146082365436,-0.016108478006277224,-0.030754712780448643,-0.047861173183034636,-0.06927724709570351,-0.006303041719356988,0.02985858101554327,-0.05631145556663466,1.0,0.2063233634045108,0.007760780636749273,-0.04876208171788592,-0.0262198665286873,-0.02316683708784953,-0.06933023583762521,-0.05654327819029527,-0.08196750058113612,0.006848637262028089,0.0373342494469639,-0.026847196625431623,0.0663093224322767,0.04747635736038944,-0.029350841156214304,0.02743807091902045,-0.025643631744207113,0.014720835475475364,-0.022719382779845382,-0.025264808277344543,0.014408321803271543,-0.00541728218334606,-0.06434931046278089,-0.0474421108726159,-0.06742912024121109,-0.08806316977899849,-0.06438869600653709,-0.032407660014384256,-0.09846915904743982,-0.07239487083388345,-0.08111851161711094,0.14900711026525232,0.08430483702005286,-0.23972153110528507,-0.0869576691350199,-0.052467921694382046,-0.05628508190514744,-0.07114551884407098,-0.06257143082382585,-0.08661164997531523,-0.04039607943883272,-0.07163711362897163,-0.2055079835764993,-0.07740367931591084,-0.012055544729413652,-0.13466100110520626,-0.062024000704229115,-0.08015098097158203,-0.08548365323650364,-0.0500706243638287,0.01146743453598093,-0.007654100918350698,0.013115962179051508,0.06609351840692353,0.015880904751143166,0.05191361942904557,-0.057877590129788214,0.02063707896301885,-0.012984946540252212,0.02192825305259579,-0.02597026826367796,-0.009392896615344272,-0.02447951653942232,-0.00818773545729779,-0.04064898891120099,-0.056119646875050624,-0.06959454877108662,-0.056101172603309574,-0.03749034249838204,-0.05098404979503707
cmsrvp,0.0440712256096113,0.019511198100525488,-0.01089818300320104,0.017085589222426936,-0.06714516680595325,-0.056153195241991485,-0.056968512935598355,-0.0599558056584345,-0.021246611805338798,-0.06491254332270961,-0.0559988307062226,-0.07433373028996573,0.006002477364808011,0.04607417414949154,-0.07735921886173765,0.2063233634045108,1.0,0.046297361873521035,-0.06238519713562341,-0.03462328560855737,-0.019002794383724254,-0.06363963284020337,-0.07302269040512456,-0.11007007453989413,-0.01515892514056771,0.008961798345870391,-0.037009978820784196,-0.011866123284089493,0.044367576078186054,-0.02754580706682541,0.012409555031348178,-0.07657143005702295,0.08020474713830211,-0.025775036496291075,-0.015495488885055484,-0.02315193550506379,-0.01655799342364881,-0.0695173833098776,-0.0814249807975815,-0.09541273236259952,-0.0691718476317862,-0.043400674383138764,-0.05661128915609503,-0.09424810388569638,-0.07219233395227243,-0.09534353207570395,0.04140109571881357,0.09476938200043471,-0.05229200176017823,-0.11665834186594026,-0.08191744833006348,-0.09288553785266153,-0.09807729386844798,-0.09787358763583139,-0.05351392563625093,-0.028894138302433713,-0.09730129379006881,-0.051909111793931303,-0.0840486194102667,-0.056814412031390774,-0.14758058558664006,-0.09877421939411159,-0.0790509994040901,-0.0797387940627025,-0.039911300293116334,0.04187712296278161,0.01252841161450889,0.05112584576138858,0.09164995520161746,-0.011585839053009727,0.04605637352985245,-0.09110644967949755,0.01570044711065527,-0.023035301965096386,0.01703168767362861,-0.042053420109215436,0.003923167320472534,-0.03549194566513063,0.0027227409363428804,-0.08198356321705283,-0.08623205582401454,-0.09865475790487165,-0.08841882607404167,-0.06979041038409332,-0.08032262528855058
crpdwk,0.4282884864217803,0.41105431469193515,-0.011538592670852539,0.3967996809312276,-0.18083741572291454,-0.21432398991429077,-0.1271650001665598,-0.13278933045017488,0.24166290117600345,-0.18776523736133616,-0.3058894113398927,-0.6552245803621052,0.21166376472702025,0.6454194273196047,-0.5768838882749122,0.007760780636749273,0.046297361873521035,1.0,0.3011533242348668,-0.08047782948298918,-0.00950616100958701,-0.07336846093735,-0.05962802688111998,-0.436438672027461,-0.1643359684586409,0.005503585634843506,-0.05212340627019169,0.03420627715447661,0.06914710069247844,-0.5092643829131617,-0.13318371029496356,-0.27310762618696466,0.1512181872257999,0.24110484114983657,-0.1970969650114665,-0.1200544336536884,-0.07144540495640038,-0.4504301391554359,-0.3055358406363391,-0.6662351349186245,-0.17816939905962617,-0.36992050834766643,-0.2701683564425133,-0.32913301795251554,-0.5306395368026169,-0.3120571596647808,-0.010873428977575967,0.2856225349652944,-0.11669111145340616,-0.43216989699891667,-0.319008044762911,-0.37095153742743975,-0.6635772130447549,-0.37724144107969954,-0.15461324901976148,-0.38759884238152503,-0.6636506702875025,-0.15410223395898126,-0.3580802578280641,-0.6933831095838945,-0.3058940297023157,-0.3481045834269584,-0.6131647410431149,-0.2381669432654588,-0.4084077886143376,0.9952008600935995,0.9006844564880963,0.9977225442170123,0.6688828859213525,-0.8449890933062719,-0.4396722115347025,-0.33562088039447274,0.06617238037662469,-0.03196381788251275,0.05227037626851373,-0.34059805138525917,0.0002995736535423846,-0.2646970466017395,0.023947078920072872,-0.3710516632296259,-0.37476514980936954,-0.6666453285094968,-0.37331423357565063,-0.298925721413612,-0.3132634089750837
crpdwkp,-0.22496491476671868,-0.11403317213334735,0.005239200915953805,-0.10107171483090502,0.06562286587192978,-0.0010680137196883964,0.058883494831657515,0.057015297807539486,-0.06373569887407692,0.256166553022443,-0.12535407563411408,-0.2590439817955359,0.03433816344951689,0.11665501811283889,0.0022816209368484914,-0.04876208171788592,-0.06238519713562341,0.3011533242348668,1.0,0.02191827928716749,-0.04663450008739161,0.050667879172377334,0.11247964424701101,0.44861287947484224,-0.02624162157830259,-0.23722010677930913,0.00841485341606589,-0.02315257862588627,-0.1722798657316779,-0.017095604139310376,-0.47518737893828106,0.23229745902152715,-0.17188369538945433,0.12813027623891599,0.04918795329153112,-0.06491039526356028,-0.041245786280748056,-0.06765728174781149,0.07544372352564012,-0.07839688381145064,0.05275827766416966,-0.1925334063543415,0.052122047436900354,0.18630992307026895,-0.05811718194735126,-0.025146581071496445,-0.02830324755243764,-0.4915744516001189,-0.015640687856499105,0.46791351987344093,0.08003122858402954,0.09027600614527094,-0.08979624096638927,0.10769530043094325,0.05306320590146675,-0.2489391631170995,-0.09082831281016693,-0.018092527825788792,0.08614858252793207,-0.21641603778430943,0.2600960300163631,0.11045096887854453,-0.12645123663343877,0.03747177323003433,-0.2440789936307654,0.3233420647167209,0.37291410168311384,0.29640591254497706,0.09172396778847804,-0.4591848537891925,-0.9232209384912833,0.0970331319960966,-0.1293344046738263,-0.09361828763149233,-0.14060048572979642,0.08495418729767051,-0.3519507821093619,0.0433386881115912,-0.25762118495246544,0.02504740934758335,0.051997800431727276,-0.0830847354853998,0.08172164096013652,0.009330386277810748,0.07664622023722185
dngdk,-0.04900481500933345,-0.05862512989118934,-0.0571452371543734,-0.07092748977847348,0.05994878818946262,0.08767005691197507,0.08764796173737892,0.08424235176047778,0.3048342736114662,0.1964690158571034,0.23731548198189029,0.21308345878071835,0.06430077271484547,-0.007663414895523792,0.14985784238793035,-0.0262198665286873,-0.03462328560855737,-0.08047782948298918,0.02191827928716749,1.0,-0.02676563075158944,0.23763580046585223,0.3008801438866569,0.00202254899165029,0.009222470384323299,-0.029579943830639388,0.12066664858000926,-0.01421396002053479,0.09408817501016156,0.024173981829741946,-0.02498941550320703,-0.00722482417650218,-0.03836065569570181,0.21206737295074662,0.011350511742268364,-0.013758491297135036,0.020053507417831264,0.027154904095509157,0.09942033485955705,0.016168666575298776,0.07410783349716922,0.07916706486867602,0.05671073545549602,0.14159980979011427,0.2367504225767627,0.0759127759296427,0.048807324164802414,-0.03971771788564399,0.008246157881915614,0.015803344010877646,0.09596145180798056,0.11090809430296455,0.018400178123577797,0.09463320069219579,0.047921952551894444,0.04819507583931056,0.02063859785541854,0.022248725644265194,0.1903348861129731,0.44635363426385993,0.05564911149080922,0.03289403718845513,0.015538677221654534,0.0574484368791635,0.04074848311254107,-0.07992777559994922,-0.0668985051408587,-0.10524509936918833,-0.008691969167936289,0.06538018713899553,0.024381561729841093,0.11340938885449428,0.01934721759634096,0.16682272403367235,0.020618648844383514,-0.004530216321681337,-0.033162963610802426,-0.0014597735579349278,-0.03950681372005764,0.09004057883219899,0.0938198466206623,0.014186862350624274,0.10444009441833105,0.0827835431487765,0.09621519279336731
dngdkp,0.031542353169708354,0.03273850946527445,-0.05780420897807498,0.018091185477054406,-0.03414964962007326,-0.023289815591616372,-0.01616036663409677,-0.01625812128231451,-0.009244183223703281,-0.04064688074256485,-0.00789647902560563,0.08262756889954731,-0.008506999958397665,0.020348742237235064,-0.038764671809215646,-0.02316683708784953,-0.019002794383724254,-0.00950616100958701,-0.04663450008739161,-0.02676563075158944,1.0,-0.03332525622127419,-0.050474134182770955,-0.05537810684392627,-0.018590827991395168,-0.004208320644288149,-0.011881915351560971,-0.0099231108861574,-0.03469693674396236,0.00930880424098895,0.013161901266921195,-0.010399222868765752,-0.005291416423794931,0.029151866774591303,-0.015132345256001477,-0.0010750977280197544,-0.037264660464995686,-0.024366928398035854,0.027288270295937965,-0.021069832200499527,0.06858378955226593,0.06687363254069495,-0.0013681842744307062,0.0008501396195202149,0.06473581393444834,0.04748676979253884,0.013404477685518702,0.021361728388224296,0.012458795666443315,-0.05671316914752598,0.029195892188961608,0.04444473748779517,-0.018768556606658028,0.016360355665619473,0.045529944660618576,0.037080101239270316,-0.019313654072409932,0.005852475557561848,0.016805805301577187,-0.01677078702800438,-0.010138140373605668,-0.027305254826245712,-0.011876168464608613,0.06594531645729747,0.04026457467482723,-0.01012213357795082,-0.0012409704010339906,-0.00895270220237873,0.017359422461721015,0.003900198366677312,0.03520146391472138,0.04490050762508583,0.0016070392345268031,0.0017567009073060512,0.002975979123751086,-0.00235590769990876,0.011000190950657823,0.006304478698780471,-2.792547842327343e-05,0.04537929391880742,0.04597758427571106,-0.01568811663475929,0.02524628275582368,0.02446422867394778,0.026277380442145833
dngna,-0.057013086456191416,-0.0833711634689909,-0.07644297590090036,-0.10288070297053001,0.024501783441944956,0.00924117440064139,-0.023182045384495545,-0.0023395840577025958,0.7415444952865418,0.504696573822121,0.5420198416813166,0.47388083722582536,0.19878661422614458,-0.009648289140834663,0.38771978041722394,-0.06933023583762521,-0.06363963284020337,-0.07336846093735,0.050667879172377334,0.23763580046585223,-0.03332525622127419,1.0,0.8321828031524139,-0.013529906059178321,-0.021397325188575313,-0.054640739670370676,0.1659851738841313,-0.021945050432082065,0.2521329755318462,0.007889236605300486,-0.0430935399660439,0.010235473038477858,-0.07302154695017837,0.5079956478547079,0.044888859718795665,0.09990257964978526,0.1866683914157258,0.09105959308914117,0.25278983256400495,0.030839561245720983,0.1848811556418544,0.19224010340553388,0.18941946556378758,0.2963524861452118,0.5143910544742188,0.23642875069538738,-0.02134914615028976,-0.0886132186048219,0.22113369287727427,0.013920070567211841,0.2481716046711737,0.26624900601827256,0.03823806364961851,0.2431443730047451,0.10956799311686694,0.10762387519408853,0.04453228517306032,0.1684722463804279,0.3750758309743168,0.6223595190543446,0.16986802767088255,0.08720246575798288,0.050717883279533145,0.17729951409570988,0.1224921442130938,-0.07171637219917833,-0.02417043880125718,-0.13404599957760835,-0.009957083140489572,0.07559140845322082,0.039959580192809985,0.2995402377734805,0.11700104664080788,0.4618867146815467,0.11895986144737683,-0.040739920016464565,-0.05113361579657562,-0.024430767005948525,-0.06470438230992,0.22973501379957717,0.2408585013601737,0.027623240127474368,0.2721021364896442,0.20231313352871985,0.24798243017214525
